[1721295124.1257336, 1721295124.7924004, 1721295125.4590669, 1721295126.1257336, 1721295126.7924004, 1721295127.4590669, 1721295128.1257336, 1721295128.7924004, 1721295129.4590669, 1721295130.1257336, 1721295130.7924004, 1721295131.4590669, 1721295132.1257336, 1721295132.7924004, 1721295133.4590669, 1721295134.1257336, 1721295134.7924004, 1721295135.4590669, 1721295136.1257336, 1721295136.7924004, 1721295137.4590669]
[1721295173.0665565, 1721295173.612011, 1721295174.1574655, 1721295174.7029202, 1721295175.2483747, 1721295175.7938292, 1721295176.3392837, 1721295176.8847382, 1721295177.4301927, 1721295177.9756474, 1721295178.521102, 1721295179.0665565, 1721295179.612011, 1721295180.1574655, 1721295180.7029202, 1721295181.2483747, 1721295181.7938292, 1721295182.3392837, 1721295182.8847382, 1721295183.4301927, 1721295183.9756474]
[1721295201.6052053, 1721295202.4623482, 1721295203.319491, 1721295204.1766338, 1721295205.0337768, 1721295205.8909197, 1721295206.7480624, 1721295207.6052053, 1721295208.4623482, 1721295209.319491, 1721295210.1766338, 1721295211.0337768, 1721295211.8909197, 1721295212.7480624, 1721295213.6052053, 1721295214.4623482, 1721295215.319491, 1721295216.1766338, 1721295217.0337768, 1721295217.8909197, 1721295218.7480624]
[1721295236.2052367, 1721295236.7506912, 1721295237.2961457, 1721295237.8416004, 1721295238.387055, 1721295238.9325094, 1721295239.477964, 1721295240.0234184, 1721295240.568873, 1721295241.1143277, 1721295241.6597822, 1721295242.2052367, 1721295242.7506912, 1721295243.2961457, 1721295243.8416004, 1721295244.387055, 1721295244.9325094, 1721295245.477964, 1721295246.0234184, 1721295246.568873, 1721295247.1143277]
[1721295251.1649792, 1721295252.0221221, 1721295252.8792648, 1721295253.7364078, 1721295254.5935507, 1721295255.4506936, 1721295256.3078363, 1721295257.1649792, 1721295258.0221221, 1721295258.8792648, 1721295259.7364078, 1721295260.5935507, 1721295261.4506936, 1721295262.3078363, 1721295263.1649792, 1721295264.0221221, 1721295264.8792648, 1721295265.7364078, 1721295266.5935507, 1721295267.4506936, 1721295268.3078363]
[1721295278.2151756, 1721295278.7606301, 1721295279.3060846, 1721295279.8515394, 1721295280.3969939, 1721295280.9424484, 1721295281.4879029, 1721295282.0333574, 1721295282.578812, 1721295283.1242666, 1721295283.6697211, 1721295284.2151756, 1721295284.7606301, 1721295285.3060846, 1721295285.8515394, 1721295286.3969939, 1721295286.9424484, 1721295287.4879029, 1721295288.0333574, 1721295288.578812, 1721295289.1242666]
[1721295293.355734, 1721295294.212877, 1721295295.0700197, 1721295295.9271626, 1721295296.7843056, 1721295297.6414485, 1721295298.4985912, 1721295299.355734, 1721295300.212877, 1721295301.0700197, 1721295301.9271626, 1721295302.7843056, 1721295303.6414485, 1721295304.4985912, 1721295305.355734, 1721295306.212877, 1721295307.0700197, 1721295307.9271626, 1721295308.7843056, 1721295309.6414485, 1721295310.4985912]
[1721295314.3749938, 1721295314.9204483, 1721295315.4659028, 1721295316.0113575, 1721295316.556812, 1721295317.1022666, 1721295317.647721, 1721295318.1931756, 1721295318.73863, 1721295319.2840848, 1721295319.8295393, 1721295320.3749938, 1721295320.9204483, 1721295321.4659028, 1721295322.0113575, 1721295322.556812, 1721295323.1022666, 1721295323.647721, 1721295324.1931756, 1721295324.73863, 1721295325.2840848]
[1721295329.105934, 1721295329.9630768, 1721295330.8202195, 1721295331.6773624, 1721295332.5345054, 1721295333.3916483, 1721295334.248791, 1721295335.105934, 1721295335.9630768, 1721295336.8202195, 1721295337.6773624, 1721295338.5345054, 1721295339.3916483, 1721295340.248791, 1721295341.105934, 1721295341.9630768, 1721295342.8202195, 1721295343.6773624, 1721295344.5345054, 1721295345.3916483, 1721295346.248791]
[1721295349.6060784, 1721295350.151533, 1721295350.6969874, 1721295351.2424421, 1721295351.7878966, 1721295352.3333511, 1721295352.8788056, 1721295353.4242601, 1721295353.9697146, 1721295354.5151694, 1721295355.060624, 1721295355.6060784, 1721295356.151533, 1721295356.6969874, 1721295357.2424421, 1721295357.7878966, 1721295358.3333511, 1721295358.8788056, 1721295359.4242601, 1721295359.9697146, 1721295360.5151694]
[1721295363.5352774, 1721295364.201944, 1721295364.8686106, 1721295365.5352774, 1721295366.201944, 1721295366.8686106, 1721295367.5352774, 1721295368.201944, 1721295368.8686106, 1721295369.5352774, 1721295370.201944, 1721295370.8686106, 1721295371.5352774, 1721295372.201944, 1721295372.8686106, 1721295373.5352774, 1721295374.201944, 1721295374.8686106, 1721295375.5352774, 1721295376.201944, 1721295376.8686106]
[1721295380.3751447, 1721295381.2322876, 1721295382.0894303, 1721295382.9465733, 1721295383.8037162, 1721295384.660859, 1721295385.5180018, 1721295386.3751447, 1721295387.2322876, 1721295388.0894303, 1721295388.9465733, 1721295389.8037162, 1721295390.660859, 1721295391.5180018, 1721295392.3751447, 1721295393.2322876, 1721295394.0894303, 1721295394.9465733, 1721295395.8037162, 1721295396.660859, 1721295397.5180018]
[1721295400.8949986, 1721295401.5616653, 1721295402.2283318, 1721295402.8949986, 1721295403.5616653, 1721295404.2283318, 1721295404.8949986, 1721295405.5616653, 1721295406.2283318, 1721295406.8949986, 1721295407.5616653, 1721295408.2283318, 1721295408.8949986, 1721295409.5616653, 1721295410.2283318, 1721295410.8949986, 1721295411.5616653, 1721295412.2283318, 1721295412.8949986, 1721295413.5616653, 1721295414.2283318]
[1721295421.385625, 1721295421.9310794, 1721295422.476534, 1721295423.0219886, 1721295423.5674431, 1721295424.1128976, 1721295424.6583521, 1721295425.2038066, 1721295425.7492611, 1721295426.294716, 1721295426.8401704, 1721295427.385625, 1721295427.9310794, 1721295428.476534, 1721295429.0219886, 1721295429.5674431, 1721295430.1128976, 1721295430.6583521, 1721295431.2038066, 1721295431.7492611, 1721295432.294716]
[1721295436.3950377, 1721295437.0617044, 1721295437.728371, 1721295438.3950377, 1721295439.0617044, 1721295439.728371, 1721295440.3950377, 1721295441.0617044, 1721295441.728371, 1721295442.3950377, 1721295443.0617044, 1721295443.728371, 1721295444.3950377, 1721295445.0617044, 1721295445.728371, 1721295446.3950377, 1721295447.0617044, 1721295447.728371, 1721295448.3950377, 1721295449.0617044, 1721295449.728371]
[1721295455.9053388, 1721295456.4507933, 1721295456.9962478, 1721295457.5417025, 1721295458.087157, 1721295458.6326115, 1721295459.178066, 1721295459.7235205, 1721295460.268975, 1721295460.8144298, 1721295461.3598843, 1721295461.9053388, 1721295462.4507933, 1721295462.9962478, 1721295463.5417025, 1721295464.087157, 1721295464.6326115, 1721295465.178066, 1721295465.7235205, 1721295466.268975, 1721295466.8144298]
[1721295471.1754692, 1721295471.842136, 1721295472.5088024, 1721295473.1754692, 1721295473.842136, 1721295474.5088024, 1721295475.1754692, 1721295475.842136, 1721295476.5088024, 1721295477.1754692, 1721295477.842136, 1721295478.5088024, 1721295479.1754692, 1721295479.842136, 1721295480.5088024, 1721295481.1754692, 1721295481.842136, 1721295482.5088024, 1721295483.1754692, 1721295483.842136, 1721295484.5088024]
[1721295487.9554367, 1721295488.5008912, 1721295489.0463457, 1721295489.5918005, 1721295490.137255, 1721295490.6827095, 1721295491.228164, 1721295491.7736185, 1721295492.319073, 1721295492.8645277, 1721295493.4099822, 1721295493.9554367, 1721295494.5008912, 1721295495.0463457, 1721295495.5918005, 1721295496.137255, 1721295496.6827095, 1721295497.228164, 1721295497.7736185, 1721295498.319073, 1721295498.8645277]
[1721295501.8151495, 1721295502.4818163, 1721295503.1484828, 1721295503.8151495, 1721295504.4818163, 1721295505.1484828, 1721295505.8151495, 1721295506.4818163, 1721295507.1484828, 1721295507.8151495, 1721295508.4818163, 1721295509.1484828, 1721295509.8151495, 1721295510.4818163, 1721295511.1484828, 1721295511.8151495, 1721295512.4818163, 1721295513.1484828, 1721295513.8151495, 1721295514.4818163, 1721295515.1484828]
[1721295518.4453483, 1721295518.9908028, 1721295519.5362573, 1721295520.081712, 1721295520.6271665, 1721295521.172621, 1721295521.7180755, 1721295522.26353, 1721295522.8089845, 1721295523.3544393, 1721295523.8998938, 1721295524.4453483, 1721295524.9908028, 1721295525.5362573, 1721295526.081712, 1721295526.6271665, 1721295527.172621, 1721295527.7180755, 1721295528.26353, 1721295528.8089845, 1721295529.3544393]
[1721295532.425744, 1721295533.0924108, 1721295533.7590773, 1721295534.425744, 1721295535.0924108, 1721295535.7590773, 1721295536.425744, 1721295537.0924108, 1721295537.7590773, 1721295538.425744, 1721295539.0924108, 1721295539.7590773, 1721295540.425744, 1721295541.0924108, 1721295541.7590773, 1721295542.425744, 1721295543.0924108, 1721295543.7590773, 1721295544.425744, 1721295545.0924108, 1721295545.7590773]
[1721295551.7451615, 1721295552.290616, 1721295552.8360705, 1721295553.3815253, 1721295553.9269798, 1721295554.4724343, 1721295555.0178888, 1721295555.5633433, 1721295556.1087978, 1721295556.6542525, 1721295557.199707, 1721295557.7451615, 1721295558.290616, 1721295558.8360705, 1721295559.3815253, 1721295559.9269798, 1721295560.4724343, 1721295561.0178888, 1721295561.5633433, 1721295562.1087978, 1721295562.6542525]
[1721295566.8451617, 1721295567.5118284, 1721295568.178495, 1721295568.8451617, 1721295569.5118284, 1721295570.178495, 1721295570.8451617, 1721295571.5118284, 1721295572.178495, 1721295572.8451617, 1721295573.5118284, 1721295574.178495, 1721295574.8451617, 1721295575.5118284, 1721295576.178495, 1721295576.8451617, 1721295577.5118284, 1721295578.178495, 1721295578.8451617, 1721295579.5118284, 1721295580.178495]
[1721295583.735769, 1721295584.592912, 1721295585.4500546, 1721295586.3071976, 1721295587.1643405, 1721295588.0214834, 1721295588.878626, 1721295589.735769, 1721295590.592912, 1721295591.4500546, 1721295592.3071976, 1721295593.1643405, 1721295594.0214834, 1721295594.878626, 1721295595.735769, 1721295596.592912, 1721295597.4500546, 1721295598.3071976, 1721295599.1643405, 1721295600.0214834, 1721295600.878626]
[1721295604.58534, 1721295605.2520068, 1721295605.9186733, 1721295606.58534, 1721295607.2520068, 1721295607.9186733, 1721295608.58534, 1721295609.2520068, 1721295609.9186733, 1721295610.58534, 1721295611.2520068, 1721295611.9186733, 1721295612.58534, 1721295613.2520068, 1721295613.9186733, 1721295614.58534, 1721295615.2520068, 1721295615.9186733, 1721295616.58534, 1721295617.2520068, 1721295617.9186733]
[1721295621.64658, 1721295622.1920345, 1721295622.737489, 1721295623.2829437, 1721295623.8283982, 1721295624.3738527, 1721295624.9193072, 1721295625.4647617, 1721295626.0102162, 1721295626.555671, 1721295627.1011255, 1721295627.64658, 1721295628.1920345, 1721295628.737489, 1721295629.2829437, 1721295629.8283982, 1721295630.3738527, 1721295630.9193072, 1721295631.4647617, 1721295632.0102162, 1721295632.555671]
