1749488525.056722
1749488581.1697445
1749488605.8767104
1749488652.4196746
1749488681.2007146
1749488699.4939165
1749488715.351767
1749488737.4266803
1749488755.167271
1749488776.2909727
1749488797.835862
1749488821.3055925
1749488848.5905805
1749488879.1671832
1749488901.3878357
1749488917.3974988
1749488942.8212907
1749488966.2255726
1749489009.4428966
1749489027.2996943
1749489049.3773665
1749489064.1166894
1749489082.0215511
1749489116.9222155
1749489134.7476387
1749489156.1696098
1749489176.7147236
1749489191.4191306
1749489208.8889964
1749489269.211804
1749489286.199373
1749489305.5364296
1749489342.816548
1749489364.5902693
1749489382.778168
1749489400.0301235
1749489417.2605562
1749489435.6152353
1749489451.611188
1749489468.836837
1749489485.889643
1749489504.2530007
1749489540.640383
1749489561.0162091
1749489581.0082145
1749489648.8228867
1749489665.8319912
1749489690.3059351
1749489707.1557493
1749489724.4013638
1749489742.6048048
1749489759.879961
1749489788.7518857
1749489808.876228
1749489826.01128
1749489843.1583023
1749489859.9957893
1749489877.898534
