[1721046764.8624074, 1721046765.5290742, 1721046766.1957407, 1721046766.8624074, 1721046767.5290742, 1721046768.1957407, 1721046768.8624074, 1721046769.5290742, 1721046770.1957407, 1721046770.8624074, 1721046771.5290742, 1721046772.1957407, 1721046772.8624074, 1721046773.5290742, 1721046774.1957407, 1721046774.8624074, 1721046775.5290742, 1721046776.1957407, 1721046776.8624074, 1721046777.5290742, 1721046778.1957407]
[1721046792.19226, 1721046793.049403, 1721046793.9065456, 1721046794.7636886, 1721046795.6208315, 1721046796.4779744, 1721046797.335117, 1721046798.19226, 1721046799.049403, 1721046799.9065456, 1721046800.7636886, 1721046801.6208315, 1721046802.4779744, 1721046803.335117, 1721046804.19226, 1721046805.049403, 1721046805.9065456, 1721046806.7636886, 1721046807.6208315, 1721046808.4779744, 1721046809.335117]
[1721046817.0360591, 1721046817.702726, 1721046818.3693924, 1721046819.0360591, 1721046819.702726, 1721046820.3693924, 1721046821.0360591, 1721046821.702726, 1721046822.3693924, 1721046823.0360591, 1721046823.702726, 1721046824.3693924, 1721046825.0360591, 1721046825.702726, 1721046826.3693924, 1721046827.0360591, 1721046827.702726, 1721046828.3693924, 1721046829.0360591, 1721046829.702726, 1721046830.3693924]
[1721046836.8716137, 1721046837.7287567, 1721046838.5858994, 1721046839.4430423, 1721046840.3001852, 1721046841.1573281, 1721046842.0144708, 1721046842.8716137, 1721046843.7287567, 1721046844.5858994, 1721046845.4430423, 1721046846.3001852, 1721046847.1573281, 1721046848.0144708, 1721046848.8716137, 1721046849.7287567, 1721046850.5858994, 1721046851.4430423, 1721046852.3001852, 1721046853.1573281, 1721046854.0144708]
[1721046858.0294979, 1721046858.6961646, 1721046859.362831, 1721046860.0294979, 1721046860.6961646, 1721046861.362831, 1721046862.0294979, 1721046862.6961646, 1721046863.362831, 1721046864.0294979, 1721046864.6961646, 1721046865.362831, 1721046866.0294979, 1721046866.6961646, 1721046867.362831, 1721046868.0294979, 1721046868.6961646, 1721046869.362831, 1721046870.0294979, 1721046870.6961646, 1721046871.362831]
[1721046879.6420164, 1721046880.4991593, 1721046881.356302, 1721046882.213445, 1721046883.0705879, 1721046883.9277308, 1721046884.7848735, 1721046885.6420164, 1721046886.4991593, 1721046887.356302, 1721046888.213445, 1721046889.0705879, 1721046889.9277308, 1721046890.7848735, 1721046891.6420164, 1721046892.4991593, 1721046893.356302, 1721046894.213445, 1721046895.0705879, 1721046895.9277308, 1721046896.7848735]
[1721046901.503112, 1721046902.1697788, 1721046902.8364453, 1721046903.503112, 1721046904.1697788, 1721046904.8364453, 1721046905.503112, 1721046906.1697788, 1721046906.8364453, 1721046907.503112, 1721046908.1697788, 1721046908.8364453, 1721046909.503112, 1721046910.1697788, 1721046910.8364453, 1721046911.503112, 1721046912.1697788, 1721046912.8364453, 1721046913.503112, 1721046914.1697788, 1721046914.8364453]
[1721046918.8016574, 1721046919.6588004, 1721046920.515943, 1721046921.373086, 1721046922.230229, 1721046923.0873718, 1721046923.9445145, 1721046924.8016574, 1721046925.6588004, 1721046926.515943, 1721046927.373086, 1721046928.230229, 1721046929.0873718, 1721046929.9445145, 1721046930.8016574, 1721046931.6588004, 1721046932.515943, 1721046933.373086, 1721046934.230229, 1721046935.0873718, 1721046935.9445145]
[1721046940.4119687, 1721046941.0786355, 1721046941.745302, 1721046942.4119687, 1721046943.0786355, 1721046943.745302, 1721046944.4119687, 1721046945.0786355, 1721046945.745302, 1721046946.4119687, 1721046947.0786355, 1721046947.745302, 1721046948.4119687, 1721046949.0786355, 1721046949.745302, 1721046950.4119687, 1721046951.0786355, 1721046951.745302, 1721046952.4119687, 1721046953.0786355, 1721046953.745302]
[1721046967.1021593, 1721046967.9593022, 1721046968.8164449, 1721046969.6735878, 1721046970.5307307, 1721046971.3878736, 1721046972.2450163, 1721046973.1021593, 1721046973.9593022, 1721046974.8164449, 1721046975.6735878, 1721046976.5307307, 1721046977.3878736, 1721046978.2450163, 1721046979.1021593, 1721046979.9593022, 1721046980.8164449, 1721046981.6735878, 1721046982.5307307, 1721046983.3878736, 1721046984.2450163]
[1721046988.3716733, 1721046988.9171278, 1721046989.4625823, 1721046990.008037, 1721046990.5534916, 1721046991.098946, 1721046991.6444006, 1721046992.189855, 1721046992.7353096, 1721046993.2807643, 1721046993.8262188, 1721046994.3716733, 1721046994.9171278, 1721046995.4625823, 1721046996.008037, 1721046996.5534916, 1721046997.098946, 1721046997.6444006, 1721046998.189855, 1721046998.7353096, 1721046999.2807643]
[1721047003.1918063, 1721047003.858473, 1721047004.5251396, 1721047005.1918063, 1721047005.858473, 1721047006.5251396, 1721047007.1918063, 1721047007.858473, 1721047008.5251396, 1721047009.1918063, 1721047009.858473, 1721047010.5251396, 1721047011.1918063, 1721047011.858473, 1721047012.5251396, 1721047013.1918063, 1721047013.858473, 1721047014.5251396, 1721047015.1918063, 1721047015.858473, 1721047016.5251396]
[1721047023.8419478, 1721047024.3874023, 1721047024.9328568, 1721047025.4783115, 1721047026.023766, 1721047026.5692205, 1721047027.114675, 1721047027.6601295, 1721047028.205584, 1721047028.7510388, 1721047029.2964933, 1721047029.8419478, 1721047030.3874023, 1721047030.9328568, 1721047031.4783115, 1721047032.023766, 1721047032.5692205, 1721047033.114675, 1721047033.6601295, 1721047034.205584, 1721047034.7510388]
[1721047038.8921168, 1721047039.7492597, 1721047040.6064024, 1721047041.4635453, 1721047042.3206882, 1721047043.1778312, 1721047044.0349739, 1721047044.8921168, 1721047045.7492597, 1721047046.6064024, 1721047047.4635453, 1721047048.3206882, 1721047049.1778312, 1721047050.0349739, 1721047050.8921168, 1721047051.7492597, 1721047052.6064024, 1721047053.4635453, 1721047054.3206882, 1721047055.1778312, 1721047056.0349739]
[1721047059.961846, 1721047060.5073006, 1721047061.052755, 1721047061.5982099, 1721047062.1436644, 1721047062.6891189, 1721047063.2345734, 1721047063.7800279, 1721047064.3254824, 1721047064.870937, 1721047065.4163916, 1721047065.961846, 1721047066.5073006, 1721047067.052755, 1721047067.5982099, 1721047068.1436644, 1721047068.6891189, 1721047069.2345734, 1721047069.7800279, 1721047070.3254824, 1721047070.870937]
[1721047078.6321964, 1721047079.4893394, 1721047080.346482, 1721047081.203625, 1721047082.060768, 1721047082.9179108, 1721047083.7750535, 1721047084.6321964, 1721047085.4893394, 1721047086.346482, 1721047087.203625, 1721047088.060768, 1721047088.9179108, 1721047089.7750535, 1721047090.6321964, 1721047091.4893394, 1721047092.346482, 1721047093.203625, 1721047094.060768, 1721047094.9179108, 1721047095.7750535]
[1721047109.6916978, 1721047110.2371523, 1721047110.7826068, 1721047111.3280616, 1721047111.873516, 1721047112.4189706, 1721047112.964425, 1721047113.5098796, 1721047114.055334, 1721047114.6007888, 1721047115.1462433, 1721047115.6916978, 1721047116.2371523, 1721047116.7826068, 1721047117.3280616, 1721047117.873516, 1721047118.4189706, 1721047118.964425, 1721047119.5098796, 1721047120.055334, 1721047120.6007888]
[1721047125.072013, 1721047125.9291558, 1721047126.7862985, 1721047127.6434414, 1721047128.5005844, 1721047129.3577273, 1721047130.21487, 1721047131.072013, 1721047131.9291558, 1721047132.7862985, 1721047133.6434414, 1721047134.5005844, 1721047135.3577273, 1721047136.21487, 1721047137.072013, 1721047137.9291558, 1721047138.7862985, 1721047139.6434414, 1721047140.5005844, 1721047141.3577273, 1721047142.21487]
[1721047171.3421435, 1721047172.0088103, 1721047172.6754768, 1721047173.3421435, 1721047174.0088103, 1721047174.6754768, 1721047175.3421435, 1721047176.0088103, 1721047176.6754768, 1721047177.3421435, 1721047178.0088103, 1721047178.6754768, 1721047179.3421435, 1721047180.0088103, 1721047180.6754768, 1721047181.3421435, 1721047182.0088103, 1721047182.6754768, 1721047183.3421435, 1721047184.0088103, 1721047184.6754768]
[1721047191.0430017, 1721047191.9001446, 1721047192.7572873, 1721047193.6144302, 1721047194.471573, 1721047195.328716, 1721047196.1858587, 1721047197.0430017, 1721047197.9001446, 1721047198.7572873, 1721047199.6144302, 1721047200.471573, 1721047201.328716, 1721047202.1858587, 1721047203.0430017, 1721047203.9001446, 1721047204.7572873, 1721047205.6144302, 1721047206.471573, 1721047207.328716, 1721047208.1858587]
[1721047213.202133, 1721047213.8687997, 1721047214.5354662, 1721047215.202133, 1721047215.8687997, 1721047216.5354662, 1721047217.202133, 1721047217.8687997, 1721047218.5354662, 1721047219.202133, 1721047219.8687997, 1721047220.5354662, 1721047221.202133, 1721047221.8687997, 1721047222.5354662, 1721047223.202133, 1721047223.8687997, 1721047224.5354662, 1721047225.202133, 1721047225.8687997, 1721047226.5354662]
[1721047241.9116228, 1721047242.7687657, 1721047243.6259084, 1721047244.4830513, 1721047245.3401942, 1721047246.1973372, 1721047247.0544798, 1721047247.9116228, 1721047248.7687657, 1721047249.6259084, 1721047250.4830513, 1721047251.3401942, 1721047252.1973372, 1721047253.0544798, 1721047253.9116228, 1721047254.7687657, 1721047255.6259084, 1721047256.4830513, 1721047257.3401942, 1721047258.1973372, 1721047259.0544798]
[1721047262.9920948, 1721047263.6587615, 1721047264.325428, 1721047264.9920948, 1721047265.6587615, 1721047266.325428, 1721047266.9920948, 1721047267.6587615, 1721047268.325428, 1721047268.9920948, 1721047269.6587615, 1721047270.325428, 1721047270.9920948, 1721047271.6587615, 1721047272.325428, 1721047272.9920948, 1721047273.6587615, 1721047274.325428, 1721047274.9920948, 1721047275.6587615, 1721047276.325428]
[1721047281.1820216, 1721047282.0391645, 1721047282.8963072, 1721047283.7534502, 1721047284.610593, 1721047285.467736, 1721047286.3248787, 1721047287.1820216, 1721047288.0391645, 1721047288.8963072, 1721047289.7534502, 1721047290.610593, 1721047291.467736, 1721047292.3248787, 1721047293.1820216, 1721047294.0391645, 1721047294.8963072, 1721047295.7534502, 1721047296.610593, 1721047297.467736, 1721047298.3248787]
[1721047306.542421, 1721047307.0878756, 1721047307.63333, 1721047308.1787848, 1721047308.7242393, 1721047309.2696939, 1721047309.8151484, 1721047310.3606029, 1721047310.9060574, 1721047311.451512, 1721047311.9969666, 1721047312.542421, 1721047313.0878756, 1721047313.63333, 1721047314.1787848, 1721047314.7242393, 1721047315.2696939, 1721047315.8151484, 1721047316.3606029, 1721047316.9060574, 1721047317.451512]
[1721047323.431898, 1721047324.0985649, 1721047324.7652314, 1721047325.431898, 1721047326.0985649, 1721047326.7652314, 1721047327.431898, 1721047328.0985649, 1721047328.7652314, 1721047329.431898, 1721047330.0985649, 1721047330.7652314, 1721047331.431898, 1721047332.0985649, 1721047332.7652314, 1721047333.431898, 1721047334.0985649, 1721047334.7652314, 1721047335.431898, 1721047336.0985649, 1721047336.7652314]
