1749765848.5205004
1749765866.9730792
1749765885.9152243
1749765924.941515
1749765963.9130566
1749765991.2083406
1749766012.555161
1749766035.423453
1749766056.8958063
1749766075.2337039
1749766099.7098036
1749766116.5468574
1749766138.2310462
1749766173.5115523
1749766191.8304071
1749766213.9627619
1749766235.3958538
1749766258.205299
1749766295.6816523
1749766319.4551275
1749766343.7914178
1749766359.4983602
1749766378.522852
1749766413.0025127
1749766436.3121052
1749766469.8092062
1749766498.489857
1749766523.8639758
1749766539.7253613
1749766586.1977637
1749766608.2131872
1749766631.7439983
1749766649.6210124
1749766673.2477195
1749766691.1057236
1749766709.071266
1749766737.5544078
1749766759.551918
1749766776.8874958
1749766812.2126398
1749766832.8349655
1749766862.1653683
1749766889.812946
1749766907.8789358
1749766940.640685
1749766964.7813194
1749766983.4784617
1749767005.6359518
1749767028.60889
1749767061.270656
1749767081.4388258
1749767100.86921
1749767121.5211637
1749767163.491937
1749767184.7220986
