[1721809946.4276922, 1721809947.284835, 1721809948.1419778, 1721809948.9991207, 1721809949.8562636, 1721809950.7134066, 1721809951.5705492, 1721809952.4276922, 1721809953.284835, 1721809954.1419778, 1721809954.9991207, 1721809955.8562636, 1721809956.7134066, 1721809957.5705492, 1721809958.4276922, 1721809959.284835, 1721809960.1419778, 1721809960.9991207, 1721809961.8562636, 1721809962.7134066, 1721809963.5705492]
[1721809985.028758, 1721809985.5742126, 1721809986.119667, 1721809986.6651218, 1721809987.2105763, 1721809987.7560308, 1721809988.3014853, 1721809988.8469398, 1721809989.3923943, 1721809989.937849, 1721809990.4833035, 1721809991.028758, 1721809991.5742126, 1721809992.119667, 1721809992.6651218, 1721809993.2105763, 1721809993.7560308, 1721809994.3014853, 1721809994.8469398, 1721809995.3923943, 1721809995.937849]
[1721810026.669067, 1721810027.3357337, 1721810028.0024002, 1721810028.669067, 1721810029.3357337, 1721810030.0024002, 1721810030.669067, 1721810031.3357337, 1721810032.0024002, 1721810032.669067, 1721810033.3357337, 1721810034.0024002, 1721810034.669067, 1721810035.3357337, 1721810036.0024002, 1721810036.669067, 1721810037.3357337, 1721810038.0024002, 1721810038.669067, 1721810039.3357337, 1721810040.0024002]
[1721810051.1286604, 1721810051.9858034, 1721810052.842946, 1721810053.700089, 1721810054.557232, 1721810055.4143748, 1721810056.2715175, 1721810057.1286604, 1721810057.9858034, 1721810058.842946, 1721810059.700089, 1721810060.557232, 1721810061.4143748, 1721810062.2715175, 1721810063.1286604, 1721810063.9858034, 1721810064.842946, 1721810065.700089, 1721810066.557232, 1721810067.4143748, 1721810068.2715175]
[1721810087.0578408, 1721810087.6032953, 1721810088.1487498, 1721810088.6942046, 1721810089.239659, 1721810089.7851136, 1721810090.330568, 1721810090.8760226, 1721810091.421477, 1721810091.9669318, 1721810092.5123863, 1721810093.0578408, 1721810093.6032953, 1721810094.1487498, 1721810094.6942046, 1721810095.239659, 1721810095.7851136, 1721810096.330568, 1721810096.8760226, 1721810097.421477, 1721810097.9669318]
[1721810104.9580295, 1721810105.8151724, 1721810106.6723151, 1721810107.529458, 1721810108.386601, 1721810109.243744, 1721810110.1008866, 1721810110.9580295, 1721810111.8151724, 1721810112.6723151, 1721810113.529458, 1721810114.386601, 1721810115.243744, 1721810116.1008866, 1721810116.9580295, 1721810117.8151724, 1721810118.6723151, 1721810119.529458, 1721810120.386601, 1721810121.243744, 1721810122.1008866]
[1721810129.6078167, 1721810130.2744834, 1721810130.94115, 1721810131.6078167, 1721810132.2744834, 1721810132.94115, 1721810133.6078167, 1721810134.2744834, 1721810134.94115, 1721810135.6078167, 1721810136.2744834, 1721810136.94115, 1721810137.6078167, 1721810138.2744834, 1721810138.94115, 1721810139.6078167, 1721810140.2744834, 1721810140.94115, 1721810141.6078167, 1721810142.2744834, 1721810142.94115]
[1721810150.3891916, 1721810151.2463346, 1721810152.1034772, 1721810152.9606202, 1721810153.817763, 1721810154.674906, 1721810155.5320487, 1721810156.3891916, 1721810157.2463346, 1721810158.1034772, 1721810158.9606202, 1721810159.817763, 1721810160.674906, 1721810161.5320487, 1721810162.3891916, 1721810163.2463346, 1721810164.1034772, 1721810164.9606202, 1721810165.817763, 1721810166.674906, 1721810167.5320487]
[1721810172.1888702, 1721810172.855537, 1721810173.5222034, 1721810174.1888702, 1721810174.855537, 1721810175.5222034, 1721810176.1888702, 1721810176.855537, 1721810177.5222034, 1721810178.1888702, 1721810178.855537, 1721810179.5222034, 1721810180.1888702, 1721810180.855537, 1721810181.5222034, 1721810182.1888702, 1721810182.855537, 1721810183.5222034, 1721810184.1888702, 1721810184.855537, 1721810185.5222034]
[1721810191.63933, 1721810192.4964728, 1721810193.3536155, 1721810194.2107584, 1721810195.0679014, 1721810195.9250443, 1721810196.782187, 1721810197.63933, 1721810198.4964728, 1721810199.3536155, 1721810200.2107584, 1721810201.0679014, 1721810201.9250443, 1721810202.782187, 1721810203.63933, 1721810204.4964728, 1721810205.3536155, 1721810206.2107584, 1721810207.0679014, 1721810207.9250443, 1721810208.782187]
[1721810212.517808, 1721810213.1844747, 1721810213.8511412, 1721810214.517808, 1721810215.1844747, 1721810215.8511412, 1721810216.517808, 1721810217.1844747, 1721810217.8511412, 1721810218.517808, 1721810219.1844747, 1721810219.8511412, 1721810220.517808, 1721810221.1844747, 1721810221.8511412, 1721810222.517808, 1721810223.1844747, 1721810223.8511412, 1721810224.517808, 1721810225.1844747, 1721810225.8511412]
[1721810230.0694463, 1721810230.6149008, 1721810231.1603553, 1721810231.70581, 1721810232.2512646, 1721810232.796719, 1721810233.3421736, 1721810233.887628, 1721810234.4330826, 1721810234.9785373, 1721810235.5239918, 1721810236.0694463, 1721810236.6149008, 1721810237.1603553, 1721810237.70581, 1721810238.2512646, 1721810238.796719, 1721810239.3421736, 1721810239.887628, 1721810240.4330826, 1721810240.9785373]
[1721810248.9778988, 1721810249.8350418, 1721810250.6921844, 1721810251.5493274, 1721810252.4064703, 1721810253.2636132, 1721810254.120756, 1721810254.9778988, 1721810255.8350418, 1721810256.6921844, 1721810257.5493274, 1721810258.4064703, 1721810259.2636132, 1721810260.120756, 1721810260.9778988, 1721810261.8350418, 1721810262.6921844, 1721810263.5493274, 1721810264.4064703, 1721810265.2636132, 1721810266.120756]
[1721810269.759376, 1721810270.4260428, 1721810271.0927093, 1721810271.759376, 1721810272.4260428, 1721810273.0927093, 1721810273.759376, 1721810274.4260428, 1721810275.0927093, 1721810275.759376, 1721810276.4260428, 1721810277.0927093, 1721810277.759376, 1721810278.4260428, 1721810279.0927093, 1721810279.759376, 1721810280.4260428, 1721810281.0927093, 1721810281.759376, 1721810282.4260428, 1721810283.0927093]
[1721810288.457727, 1721810289.0031815, 1721810289.548636, 1721810290.0940907, 1721810290.6395452, 1721810291.1849997, 1721810291.7304542, 1721810292.2759087, 1721810292.8213632, 1721810293.366818, 1721810293.9122725, 1721810294.457727, 1721810295.0031815, 1721810295.548636, 1721810296.0940907, 1721810296.6395452, 1721810297.1849997, 1721810297.7304542, 1721810298.2759087, 1721810298.8213632, 1721810299.366818]
[1721810304.497896, 1721810305.1645627, 1721810305.8312292, 1721810306.497896, 1721810307.1645627, 1721810307.8312292, 1721810308.497896, 1721810309.1645627, 1721810309.8312292, 1721810310.497896, 1721810311.1645627, 1721810311.8312292, 1721810312.497896, 1721810313.1645627, 1721810313.8312292, 1721810314.497896, 1721810315.1645627, 1721810315.8312292, 1721810316.497896, 1721810317.1645627, 1721810317.8312292]
[1721810324.5290174, 1721810325.074472, 1721810325.6199265, 1721810326.1653812, 1721810326.7108357, 1721810327.2562902, 1721810327.8017447, 1721810328.3471992, 1721810328.8926537, 1721810329.4381084, 1721810329.983563, 1721810330.5290174, 1721810331.074472, 1721810331.6199265, 1721810332.1653812, 1721810332.7108357, 1721810333.2562902, 1721810333.8017447, 1721810334.3471992, 1721810334.8926537, 1721810335.4381084]
[1721810342.098434, 1721810342.7651007, 1721810343.4317672, 1721810344.098434, 1721810344.7651007, 1721810345.4317672, 1721810346.098434, 1721810346.7651007, 1721810347.4317672, 1721810348.098434, 1721810348.7651007, 1721810349.4317672, 1721810350.098434, 1721810350.7651007, 1721810351.4317672, 1721810352.098434, 1721810352.7651007, 1721810353.4317672, 1721810354.098434, 1721810354.7651007, 1721810355.4317672]
[1721810362.9679062, 1721810363.8250492, 1721810364.6821918, 1721810365.5393348, 1721810366.3964777, 1721810367.2536206, 1721810368.1107633, 1721810368.9679062, 1721810369.8250492, 1721810370.6821918, 1721810371.5393348, 1721810372.3964777, 1721810373.2536206, 1721810374.1107633, 1721810374.9679062, 1721810375.8250492, 1721810376.6821918, 1721810377.5393348, 1721810378.3964777, 1721810379.2536206, 1721810380.1107633]
[1721810383.81924, 1721810384.3646946, 1721810384.910149, 1721810385.4556038, 1721810386.0010583, 1721810386.5465128, 1721810387.0919673, 1721810387.6374218, 1721810388.1828763, 1721810388.728331, 1721810389.2737856, 1721810389.81924, 1721810390.3646946, 1721810390.910149, 1721810391.4556038, 1721810392.0010583, 1721810392.5465128, 1721810393.0919673, 1721810393.6374218, 1721810394.1828763, 1721810394.728331]
[1721810399.6081073, 1721810400.4652503, 1721810401.322393, 1721810402.1795359, 1721810403.0366788, 1721810403.8938217, 1721810404.7509644, 1721810405.6081073, 1721810406.4652503, 1721810407.322393, 1721810408.1795359, 1721810409.0366788, 1721810409.8938217, 1721810410.7509644, 1721810411.6081073, 1721810412.4652503, 1721810413.322393, 1721810414.1795359, 1721810415.0366788, 1721810415.8938217, 1721810416.7509644]
[1721810421.8485222, 1721810422.515189, 1721810423.1818554, 1721810423.8485222, 1721810424.515189, 1721810425.1818554, 1721810425.8485222, 1721810426.515189, 1721810427.1818554, 1721810427.8485222, 1721810428.515189, 1721810429.1818554, 1721810429.8485222, 1721810430.515189, 1721810431.1818554, 1721810431.8485222, 1721810432.515189, 1721810433.1818554, 1721810433.8485222, 1721810434.515189, 1721810435.1818554]
[1721810440.1980875, 1721810440.743542, 1721810441.2889965, 1721810441.8344512, 1721810442.3799057, 1721810442.9253602, 1721810443.4708147, 1721810444.0162692, 1721810444.5617237, 1721810445.1071784, 1721810445.652633, 1721810446.1980875, 1721810446.743542, 1721810447.2889965, 1721810447.8344512, 1721810448.3799057, 1721810448.9253602, 1721810449.4708147, 1721810450.0162692, 1721810450.5617237, 1721810451.1071784]
[1721810454.7778487, 1721810455.6349916, 1721810456.4921343, 1721810457.3492773, 1721810458.2064202, 1721810459.063563, 1721810459.9207058, 1721810460.7778487, 1721810461.6349916, 1721810462.4921343, 1721810463.3492773, 1721810464.2064202, 1721810465.063563, 1721810465.9207058, 1721810466.7778487, 1721810467.6349916, 1721810468.4921343, 1721810469.3492773, 1721810470.2064202, 1721810471.063563, 1721810471.9207058]
[1721810477.009077, 1721810477.5545316, 1721810478.099986, 1721810478.6454408, 1721810479.1908953, 1721810479.7363498, 1721810480.2818043, 1721810480.8272588, 1721810481.3727133, 1721810481.918168, 1721810482.4636226, 1721810483.009077, 1721810483.5545316, 1721810484.099986, 1721810484.6454408, 1721810485.1908953, 1721810485.7363498, 1721810486.2818043, 1721810486.8272588, 1721810487.3727133, 1721810487.918168]
[1721810491.598392, 1721810492.455535, 1721810493.3126776, 1721810494.1698205, 1721810495.0269635, 1721810495.8841064, 1721810496.741249, 1721810497.598392, 1721810498.455535, 1721810499.3126776, 1721810500.1698205, 1721810501.0269635, 1721810501.8841064, 1721810502.741249, 1721810503.598392, 1721810504.455535, 1721810505.3126776, 1721810506.1698205, 1721810507.0269635, 1721810507.8841064, 1721810508.741249]
