[1721662420.460842, 1721662421.0062964, 1721662421.551751, 1721662422.0972056, 1721662422.6426601, 1721662423.1881146, 1721662423.7335691, 1721662424.2790236, 1721662424.8244781, 1721662425.369933, 1721662425.9153874, 1721662426.460842, 1721662427.0062964, 1721662427.551751, 1721662428.0972056, 1721662428.6426601, 1721662429.1881146, 1721662429.7335691, 1721662430.2790236, 1721662430.8244781, 1721662431.369933]
[1721662444.3860762, 1721662445.2432191, 1721662446.1003618, 1721662446.9575047, 1721662447.8146477, 1721662448.6717906, 1721662449.5289333, 1721662450.3860762, 1721662451.2432191, 1721662452.1003618, 1721662452.9575047, 1721662453.8146477, 1721662454.6717906, 1721662455.5289333, 1721662456.3860762, 1721662457.2432191, 1721662458.1003618, 1721662458.9575047, 1721662459.8146477, 1721662460.6717906, 1721662461.5289333]
[1721662578.4650574, 1721662579.0105119, 1721662579.5559664, 1721662580.101421, 1721662580.6468756, 1721662581.1923301, 1721662581.7377846, 1721662582.2832391, 1721662582.8286936, 1721662583.3741484, 1721662583.9196029, 1721662584.4650574, 1721662585.0105119, 1721662585.5559664, 1721662586.101421, 1721662586.6468756, 1721662587.1923301, 1721662587.7377846, 1721662588.2832391, 1721662588.8286936, 1721662589.3741484]
[1721662640.6257565, 1721662641.4828994, 1721662642.340042, 1721662643.197185, 1721662644.054328, 1721662644.911471, 1721662645.7686136, 1721662646.6257565, 1721662647.4828994, 1721662648.340042, 1721662649.197185, 1721662650.054328, 1721662650.911471, 1721662651.7686136, 1721662652.6257565, 1721662653.4828994, 1721662654.340042, 1721662655.197185, 1721662656.054328, 1721662656.911471, 1721662657.7686136]
[1721662681.8148184, 1721662682.360273, 1721662682.9057274, 1721662683.4511821, 1721662683.9966366, 1721662684.5420911, 1721662685.0875456, 1721662685.6330001, 1721662686.1784546, 1721662686.7239094, 1721662687.2693639, 1721662687.8148184, 1721662688.360273, 1721662688.9057274, 1721662689.4511821, 1721662689.9966366, 1721662690.5420911, 1721662691.0875456, 1721662691.6330001, 1721662692.1784546, 1721662692.7239094]
[1721662701.7245784, 1721662702.3912451, 1721662703.0579116, 1721662703.7245784, 1721662704.3912451, 1721662705.0579116, 1721662705.7245784, 1721662706.3912451, 1721662707.0579116, 1721662707.7245784, 1721662708.3912451, 1721662709.0579116, 1721662709.7245784, 1721662710.3912451, 1721662711.0579116, 1721662711.7245784, 1721662712.3912451, 1721662713.0579116, 1721662713.7245784, 1721662714.3912451, 1721662715.0579116]
[1721662719.4958732, 1721662720.0413277, 1721662720.5867822, 1721662721.132237, 1721662721.6776915, 1721662722.223146, 1721662722.7686005, 1721662723.314055, 1721662723.8595095, 1721662724.4049642, 1721662724.9504187, 1721662725.4958732, 1721662726.0413277, 1721662726.5867822, 1721662727.132237, 1721662727.6776915, 1721662728.223146, 1721662728.7686005, 1721662729.314055, 1721662729.8595095, 1721662730.4049642]
[1721662734.5861387, 1721662735.2528055, 1721662735.919472, 1721662736.5861387, 1721662737.2528055, 1721662737.919472, 1721662738.5861387, 1721662739.2528055, 1721662739.919472, 1721662740.5861387, 1721662741.2528055, 1721662741.919472, 1721662742.5861387, 1721662743.2528055, 1721662743.919472, 1721662744.5861387, 1721662745.2528055, 1721662745.919472, 1721662746.5861387, 1721662747.2528055, 1721662747.919472]
[1721662751.4663458, 1721662752.3234887, 1721662753.1806314, 1721662754.0377743, 1721662754.8949172, 1721662755.7520602, 1721662756.6092029, 1721662757.4663458, 1721662758.3234887, 1721662759.1806314, 1721662760.0377743, 1721662760.8949172, 1721662761.7520602, 1721662762.6092029, 1721662763.4663458, 1721662764.3234887, 1721662765.1806314, 1721662766.0377743, 1721662766.8949172, 1721662767.7520602, 1721662768.6092029]
[1721662772.8649018, 1721662773.5315685, 1721662774.198235, 1721662774.8649018, 1721662775.5315685, 1721662776.198235, 1721662776.8649018, 1721662777.5315685, 1721662778.198235, 1721662778.8649018, 1721662779.5315685, 1721662780.198235, 1721662780.8649018, 1721662781.5315685, 1721662782.198235, 1721662782.8649018, 1721662783.5315685, 1721662784.198235, 1721662784.8649018, 1721662785.5315685, 1721662786.198235]
[1721662792.8547194, 1721662793.400174, 1721662793.9456284, 1721662794.4910831, 1721662795.0365376, 1721662795.5819921, 1721662796.1274467, 1721662796.6729012, 1721662797.2183557, 1721662797.7638104, 1721662798.309265, 1721662798.8547194, 1721662799.400174, 1721662799.9456284, 1721662800.4910831, 1721662801.0365376, 1721662801.5819921, 1721662802.1274467, 1721662802.6729012, 1721662803.2183557, 1721662803.7638104]
[1721662807.0648563, 1721662807.9219992, 1721662808.779142, 1721662809.6362848, 1721662810.4934278, 1721662811.3505707, 1721662812.2077134, 1721662813.0648563, 1721662813.9219992, 1721662814.779142, 1721662815.6362848, 1721662816.4934278, 1721662817.3505707, 1721662818.2077134, 1721662819.0648563, 1721662819.9219992, 1721662820.779142, 1721662821.6362848, 1721662822.4934278, 1721662823.3505707, 1721662824.2077134]
[1721662828.5756059, 1721662829.1210604, 1721662829.6665149, 1721662830.2119696, 1721662830.757424, 1721662831.3028786, 1721662831.8483331, 1721662832.3937876, 1721662832.9392421, 1721662833.4846969, 1721662834.0301514, 1721662834.5756059, 1721662835.1210604, 1721662835.6665149, 1721662836.2119696, 1721662836.757424, 1721662837.3028786, 1721662837.8483331, 1721662838.3937876, 1721662838.9392421, 1721662839.4846969]
[1721662844.717251, 1721662845.574394, 1721662846.4315367, 1721662847.2886796, 1721662848.1458225, 1721662849.0029655, 1721662849.8601081, 1721662850.717251, 1721662851.574394, 1721662852.4315367, 1721662853.2886796, 1721662854.1458225, 1721662855.0029655, 1721662855.8601081, 1721662856.717251, 1721662857.574394, 1721662858.4315367, 1721662859.2886796, 1721662860.1458225, 1721662861.0029655, 1721662861.8601081]
[1721662865.7247882, 1721662866.391455, 1721662867.0581214, 1721662867.7247882, 1721662868.391455, 1721662869.0581214, 1721662869.7247882, 1721662870.391455, 1721662871.0581214, 1721662871.7247882, 1721662872.391455, 1721662873.0581214, 1721662873.7247882, 1721662874.391455, 1721662875.0581214, 1721662875.7247882, 1721662876.391455, 1721662877.0581214, 1721662877.7247882, 1721662878.391455, 1721662879.0581214]
[1721662882.4248035, 1721662882.970258, 1721662883.5157125, 1721662884.0611672, 1721662884.6066217, 1721662885.1520762, 1721662885.6975307, 1721662886.2429852, 1721662886.7884398, 1721662887.3338945, 1721662887.879349, 1721662888.4248035, 1721662888.970258, 1721662889.5157125, 1721662890.0611672, 1721662890.6066217, 1721662891.1520762, 1721662891.6975307, 1721662892.2429852, 1721662892.7884398, 1721662893.3338945]
[1721662896.4250762, 1721662897.091743, 1721662897.7584095, 1721662898.4250762, 1721662899.091743, 1721662899.7584095, 1721662900.4250762, 1721662901.091743, 1721662901.7584095, 1721662902.4250762, 1721662903.091743, 1721662903.7584095, 1721662904.4250762, 1721662905.091743, 1721662905.7584095, 1721662906.4250762, 1721662907.091743, 1721662907.7584095, 1721662908.4250762, 1721662909.091743, 1721662909.7584095]
[1721662913.1647553, 1721662913.7102098, 1721662914.2556643, 1721662914.801119, 1721662915.3465736, 1721662915.892028, 1721662916.4374826, 1721662916.982937, 1721662917.5283916, 1721662918.0738463, 1721662918.6193008, 1721662919.1647553, 1721662919.7102098, 1721662920.2556643, 1721662920.801119, 1721662921.3465736, 1721662921.892028, 1721662922.4374826, 1721662922.982937, 1721662923.5283916, 1721662924.0738463]
[1721662927.8357282, 1721662928.502395, 1721662929.1690614, 1721662929.8357282, 1721662930.502395, 1721662931.1690614, 1721662931.8357282, 1721662932.502395, 1721662933.1690614, 1721662933.8357282, 1721662934.502395, 1721662935.1690614, 1721662935.8357282, 1721662936.502395, 1721662937.1690614, 1721662937.8357282, 1721662938.502395, 1721662939.1690614, 1721662939.8357282, 1721662940.502395, 1721662941.1690614]
[1721662944.575026, 1721662945.432169, 1721662946.2893116, 1721662947.1464546, 1721662948.0035975, 1721662948.8607404, 1721662949.717883, 1721662950.575026, 1721662951.432169, 1721662952.2893116, 1721662953.1464546, 1721662954.0035975, 1721662954.8607404, 1721662955.717883, 1721662956.575026, 1721662957.432169, 1721662958.2893116, 1721662959.1464546, 1721662960.0035975, 1721662960.8607404, 1721662961.717883]
[1721662965.3748019, 1721662965.9202564, 1721662966.4657109, 1721662967.0111656, 1721662967.5566201, 1721662968.1020746, 1721662968.6475291, 1721662969.1929836, 1721662969.7384381, 1721662970.2838929, 1721662970.8293474, 1721662971.3748019, 1721662971.9202564, 1721662972.4657109, 1721662973.0111656, 1721662973.5566201, 1721662974.1020746, 1721662974.6475291, 1721662975.1929836, 1721662975.7384381, 1721662976.2838929]
[1721662979.274706, 1721662980.1318488, 1721662980.9889915, 1721662981.8461344, 1721662982.7032773, 1721662983.5604203, 1721662984.417563, 1721662985.274706, 1721662986.1318488, 1721662986.9889915, 1721662987.8461344, 1721662988.7032773, 1721662989.5604203, 1721662990.417563, 1721662991.274706, 1721662992.1318488, 1721662992.9889915, 1721662993.8461344, 1721662994.7032773, 1721662995.5604203, 1721662996.417563]
[1721663000.9487343, 1721663001.615401, 1721663002.2820675, 1721663002.9487343, 1721663003.615401, 1721663004.2820675, 1721663004.9487343, 1721663005.615401, 1721663006.2820675, 1721663006.9487343, 1721663007.615401, 1721663008.2820675, 1721663008.9487343, 1721663009.615401, 1721663010.2820675, 1721663010.9487343, 1721663011.615401, 1721663012.2820675, 1721663012.9487343, 1721663013.615401, 1721663014.2820675]
[1721663018.2850597, 1721663019.1422026, 1721663019.9993453, 1721663020.8564882, 1721663021.7136312, 1721663022.570774, 1721663023.4279168, 1721663024.2850597, 1721663025.1422026, 1721663025.9993453, 1721663026.8564882, 1721663027.7136312, 1721663028.570774, 1721663029.4279168, 1721663030.2850597, 1721663031.1422026, 1721663031.9993453, 1721663032.8564882, 1721663033.7136312, 1721663034.570774, 1721663035.4279168]
[1721663039.374792, 1721663039.9202466, 1721663040.465701, 1721663041.0111558, 1721663041.5566103, 1721663042.1020648, 1721663042.6475194, 1721663043.1929739, 1721663043.7384284, 1721663044.283883, 1721663044.8293376, 1721663045.374792, 1721663045.9202466, 1721663046.465701, 1721663047.0111558, 1721663047.5566103, 1721663048.1020648, 1721663048.6475194, 1721663049.1929739, 1721663049.7384284, 1721663050.283883]
[1721663054.1047575, 1721663054.7714243, 1721663055.4380908, 1721663056.1047575, 1721663056.7714243, 1721663057.4380908, 1721663058.1047575, 1721663058.7714243, 1721663059.4380908, 1721663060.1047575, 1721663060.7714243, 1721663061.4380908, 1721663062.1047575, 1721663062.7714243, 1721663063.4380908, 1721663064.1047575, 1721663064.7714243, 1721663065.4380908, 1721663066.1047575, 1721663066.7714243, 1721663067.4380908]
