[1721287711.9860992, 1721287712.8432422, 1721287713.7003849, 1721287714.5575278, 1721287715.4146707, 1721287716.2718136, 1721287717.1289563, 1721287717.9860992, 1721287718.8432422, 1721287719.7003849, 1721287720.5575278, 1721287721.4146707, 1721287722.2718136, 1721287723.1289563, 1721287723.9860992, 1721287724.8432422, 1721287725.7003849, 1721287726.5575278, 1721287727.4146707, 1721287728.2718136, 1721287729.1289563]
[1721287742.0354006, 1721287742.7020674, 1721287743.368734, 1721287744.0354006, 1721287744.7020674, 1721287745.368734, 1721287746.0354006, 1721287746.7020674, 1721287747.368734, 1721287748.0354006, 1721287748.7020674, 1721287749.368734, 1721287750.0354006, 1721287750.7020674, 1721287751.368734, 1721287752.0354006, 1721287752.7020674, 1721287753.368734, 1721287754.0354006, 1721287754.7020674, 1721287755.368734]
[1721287766.1144185, 1721287766.9715614, 1721287767.828704, 1721287768.685847, 1721287769.54299, 1721287770.400133, 1721287771.2572756, 1721287772.1144185, 1721287772.9715614, 1721287773.828704, 1721287774.685847, 1721287775.54299, 1721287776.400133, 1721287777.2572756, 1721287778.1144185, 1721287778.9715614, 1721287779.828704, 1721287780.685847, 1721287781.54299, 1721287782.400133, 1721287783.2572756]
[1721287787.4444182, 1721287788.111085, 1721287788.7777514, 1721287789.4444182, 1721287790.111085, 1721287790.7777514, 1721287791.4444182, 1721287792.111085, 1721287792.7777514, 1721287793.4444182, 1721287794.111085, 1721287794.7777514, 1721287795.4444182, 1721287796.111085, 1721287796.7777514, 1721287797.4444182, 1721287798.111085, 1721287798.7777514, 1721287799.4444182, 1721287800.111085, 1721287800.7777514]
[1721287804.4256532, 1721287805.2827961, 1721287806.1399388, 1721287806.9970818, 1721287807.8542247, 1721287808.7113676, 1721287809.5685103, 1721287810.4256532, 1721287811.2827961, 1721287812.1399388, 1721287812.9970818, 1721287813.8542247, 1721287814.7113676, 1721287815.5685103, 1721287816.4256532, 1721287817.2827961, 1721287818.1399388, 1721287818.9970818, 1721287819.8542247, 1721287820.7113676, 1721287821.5685103]
[1721287824.9546988, 1721287825.6213655, 1721287826.288032, 1721287826.9546988, 1721287827.6213655, 1721287828.288032, 1721287828.9546988, 1721287829.6213655, 1721287830.288032, 1721287830.9546988, 1721287831.6213655, 1721287832.288032, 1721287832.9546988, 1721287833.6213655, 1721287834.288032, 1721287834.9546988, 1721287835.6213655, 1721287836.288032, 1721287836.9546988, 1721287837.6213655, 1721287838.288032]
[1721287841.8046794, 1721287842.350134, 1721287842.8955884, 1721287843.4410431, 1721287843.9864976, 1721287844.5319521, 1721287845.0774066, 1721287845.6228611, 1721287846.1683156, 1721287846.7137704, 1721287847.259225, 1721287847.8046794, 1721287848.350134, 1721287848.8955884, 1721287849.4410431, 1721287849.9864976, 1721287850.5319521, 1721287851.0774066, 1721287851.6228611, 1721287852.1683156, 1721287852.7137704]
[1721287856.3246257, 1721287857.1817687, 1721287858.0389113, 1721287858.8960543, 1721287859.7531972, 1721287860.61034, 1721287861.4674828, 1721287862.3246257, 1721287863.1817687, 1721287864.0389113, 1721287864.8960543, 1721287865.7531972, 1721287866.61034, 1721287867.4674828, 1721287868.3246257, 1721287869.1817687, 1721287870.0389113, 1721287870.8960543, 1721287871.7531972, 1721287872.61034, 1721287873.4674828]
[1721287877.2050664, 1721287877.8717332, 1721287878.5383997, 1721287879.2050664, 1721287879.8717332, 1721287880.5383997, 1721287881.2050664, 1721287881.8717332, 1721287882.5383997, 1721287883.2050664, 1721287883.8717332, 1721287884.5383997, 1721287885.2050664, 1721287885.8717332, 1721287886.5383997, 1721287887.2050664, 1721287887.8717332, 1721287888.5383997, 1721287889.2050664, 1721287889.8717332, 1721287890.5383997]
[1721287894.184768, 1721287894.7302225, 1721287895.275677, 1721287895.8211317, 1721287896.3665862, 1721287896.9120407, 1721287897.4574952, 1721287898.0029497, 1721287898.5484042, 1721287899.093859, 1721287899.6393135, 1721287900.184768, 1721287900.7302225, 1721287901.275677, 1721287901.8211317, 1721287902.3665862, 1721287902.9120407, 1721287903.4574952, 1721287904.0029497, 1721287904.5484042, 1721287905.093859]
[1721287908.1345847, 1721287908.9917276, 1721287909.8488703, 1721287910.7060132, 1721287911.5631561, 1721287912.420299, 1721287913.2774417, 1721287914.1345847, 1721287914.9917276, 1721287915.8488703, 1721287916.7060132, 1721287917.5631561, 1721287918.420299, 1721287919.2774417, 1721287920.1345847, 1721287920.9917276, 1721287921.8488703, 1721287922.7060132, 1721287923.5631561, 1721287924.420299, 1721287925.2774417]
[1721287928.7244918, 1721287929.3911586, 1721287930.057825, 1721287930.7244918, 1721287931.3911586, 1721287932.057825, 1721287932.7244918, 1721287933.3911586, 1721287934.057825, 1721287934.7244918, 1721287935.3911586, 1721287936.057825, 1721287936.7244918, 1721287937.3911586, 1721287938.057825, 1721287938.7244918, 1721287939.3911586, 1721287940.057825, 1721287940.7244918, 1721287941.3911586, 1721287942.057825]
[1721287951.6246374, 1721287952.1700919, 1721287952.7155464, 1721287953.261001, 1721287953.8064556, 1721287954.35191, 1721287954.8973646, 1721287955.442819, 1721287955.9882736, 1721287956.5337284, 1721287957.0791829, 1721287957.6246374, 1721287958.1700919, 1721287958.7155464, 1721287959.261001, 1721287959.8064556, 1721287960.35191, 1721287960.8973646, 1721287961.442819, 1721287961.9882736, 1721287962.5337284]
[1721287965.325488, 1721287965.9921548, 1721287966.6588213, 1721287967.325488, 1721287967.9921548, 1721287968.6588213, 1721287969.325488, 1721287969.9921548, 1721287970.6588213, 1721287971.325488, 1721287971.9921548, 1721287972.6588213, 1721287973.325488, 1721287973.9921548, 1721287974.6588213, 1721287975.325488, 1721287975.9921548, 1721287976.6588213, 1721287977.325488, 1721287977.9921548, 1721287978.6588213]
[1721287981.9754906, 1721287982.520945, 1721287983.0663996, 1721287983.6118543, 1721287984.1573088, 1721287984.7027633, 1721287985.2482178, 1721287985.7936723, 1721287986.3391268, 1721287986.8845816, 1721287987.430036, 1721287987.9754906, 1721287988.520945, 1721287989.0663996, 1721287989.6118543, 1721287990.1573088, 1721287990.7027633, 1721287991.2482178, 1721287991.7936723, 1721287992.3391268, 1721287992.8845816]
[1721287997.4288466, 1721287998.2859895, 1721287999.1431322, 1721288000.0002751, 1721288000.857418, 1721288001.714561, 1721288002.5717037, 1721288003.4288466, 1721288004.2859895, 1721288005.1431322, 1721288006.0002751, 1721288006.857418, 1721288007.714561, 1721288008.5717037, 1721288009.4288466, 1721288010.2859895, 1721288011.1431322, 1721288012.0002751, 1721288012.857418, 1721288013.714561, 1721288014.5717037]
[1721288021.8280394, 1721288022.373494, 1721288022.9189484, 1721288023.4644032, 1721288024.0098577, 1721288024.5553122, 1721288025.1007667, 1721288025.6462212, 1721288026.1916757, 1721288026.7371304, 1721288027.282585, 1721288027.8280394, 1721288028.373494, 1721288028.9189484, 1721288029.4644032, 1721288030.0098577, 1721288030.5553122, 1721288031.1007667, 1721288031.6462212, 1721288032.1916757, 1721288032.7371304]
[1721288035.7988162, 1721288036.465483, 1721288037.1321495, 1721288037.7988162, 1721288038.465483, 1721288039.1321495, 1721288039.7988162, 1721288040.465483, 1721288041.1321495, 1721288041.7988162, 1721288042.465483, 1721288043.1321495, 1721288043.7988162, 1721288044.465483, 1721288045.1321495, 1721288045.7988162, 1721288046.465483, 1721288047.1321495, 1721288047.7988162, 1721288048.465483, 1721288049.1321495]
[1721288052.3086207, 1721288053.1657636, 1721288054.0229063, 1721288054.8800492, 1721288055.7371922, 1721288056.594335, 1721288057.4514778, 1721288058.3086207, 1721288059.1657636, 1721288060.0229063, 1721288060.8800492, 1721288061.7371922, 1721288062.594335, 1721288063.4514778, 1721288064.3086207, 1721288065.1657636, 1721288066.0229063, 1721288066.8800492, 1721288067.7371922, 1721288068.594335, 1721288069.4514778]
[1721288073.018198, 1721288073.5636525, 1721288074.109107, 1721288074.6545618, 1721288075.2000163, 1721288075.7454708, 1721288076.2909253, 1721288076.8363798, 1721288077.3818343, 1721288077.927289, 1721288078.4727435, 1721288079.018198, 1721288079.5636525, 1721288080.109107, 1721288080.6545618, 1721288081.2000163, 1721288081.7454708, 1721288082.2909253, 1721288082.8363798, 1721288083.3818343, 1721288083.927289]
[1721288087.0281866, 1721288087.8853295, 1721288088.7424722, 1721288089.599615, 1721288090.456758, 1721288091.313901, 1721288092.1710436, 1721288093.0281866, 1721288093.8853295, 1721288094.7424722, 1721288095.599615, 1721288096.456758, 1721288097.313901, 1721288098.1710436, 1721288099.0281866, 1721288099.8853295, 1721288100.7424722, 1721288101.599615, 1721288102.456758, 1721288103.313901, 1721288104.1710436]
[1721288107.5607035, 1721288108.106158, 1721288108.6516125, 1721288109.1970673, 1721288109.7425218, 1721288110.2879763, 1721288110.8334308, 1721288111.3788853, 1721288111.9243398, 1721288112.4697945, 1721288113.015249, 1721288113.5607035, 1721288114.106158, 1721288114.6516125, 1721288115.1970673, 1721288115.7425218, 1721288116.2879763, 1721288116.8334308, 1721288117.3788853, 1721288117.9243398, 1721288118.4697945]
[1721288123.0583575, 1721288123.9155004, 1721288124.772643, 1721288125.629786, 1721288126.486929, 1721288127.3440719, 1721288128.2012146, 1721288129.0583575, 1721288129.9155004, 1721288130.772643, 1721288131.629786, 1721288132.486929, 1721288133.3440719, 1721288134.2012146, 1721288135.0583575, 1721288135.9155004, 1721288136.772643, 1721288137.629786, 1721288138.486929, 1721288139.3440719, 1721288140.2012146]
[1721288143.578488, 1721288144.2451549, 1721288144.9118214, 1721288145.578488, 1721288146.2451549, 1721288146.9118214, 1721288147.578488, 1721288148.2451549, 1721288148.9118214, 1721288149.578488, 1721288150.2451549, 1721288150.9118214, 1721288151.578488, 1721288152.2451549, 1721288152.9118214, 1721288153.578488, 1721288154.2451549, 1721288154.9118214, 1721288155.578488, 1721288156.2451549, 1721288156.9118214]
[1721288160.4187295, 1721288161.2758725, 1721288162.1330152, 1721288162.990158, 1721288163.847301, 1721288164.704444, 1721288165.5615866, 1721288166.4187295, 1721288167.2758725, 1721288168.1330152, 1721288168.990158, 1721288169.847301, 1721288170.704444, 1721288171.5615866, 1721288172.4187295, 1721288173.2758725, 1721288174.1330152, 1721288174.990158, 1721288175.847301, 1721288176.704444, 1721288177.5615866]
[1721288181.1280494, 1721288181.7947161, 1721288182.4613826, 1721288183.1280494, 1721288183.7947161, 1721288184.4613826, 1721288185.1280494, 1721288185.7947161, 1721288186.4613826, 1721288187.1280494, 1721288187.7947161, 1721288188.4613826, 1721288189.1280494, 1721288189.7947161, 1721288190.4613826, 1721288191.1280494, 1721288191.7947161, 1721288192.4613826, 1721288193.1280494, 1721288193.7947161, 1721288194.4613826]
