1749505491.4790783
1749505511.9794235
1749505540.6144533
1749505579.6381416
1749505599.0135937
1749505614.6067712
1749505637.6544304
1749505660.9365375
1749505689.2062624
1749505702.667063
1749505725.7554796
1749505741.0024054
1749505762.398639
1749505788.4666135
1749505804.2914252
1749505827.239289
1749505845.1387062
1749505866.9284937
1749505890.5452013
1749505908.6212864
1749505922.8223217
1749505939.9871452
1749505960.2657938
1749505981.6611605
1749506000.2104023
1749506021.8249612
1749506039.41198
1749506053.010106
1749506068.0488687
1749506107.376881
1749506126.2043655
1749506145.1451616
1749506163.4733284
1749506181.5924833
1749506198.7504423
1749506215.9209523
1749506234.459296
1749506252.1084719
1749506269.6579661
1749506297.0815923
1749506315.1083744
1749506332.7842958
1749506350.7684643
1749506371.9716544
1749506395.4273005
1749506413.2131696
1749506431.6796632
1749506448.327172
1749506465.7502017
1749506488.3605323
1749506505.931964
1749506522.9901118
1749506540.292334
1749506558.0082974
1749506575.0444872
