1749490707.2249308
1749490729.2300932
1749490749.389245
1749490803.7810292
1749490829.756479
1749490846.9746373
1749490965.6458344
1749491027.6713276
1749491046.0087073
1749491064.8002408
1749491091.554073
1749491109.2632747
1749491131.720921
1749491170.988309
1749491186.7357876
1749491208.4181368
1749491233.2518382
1749491257.2187924
1749491285.6622663
1749491300.6406858
1749491324.0827968
1749491340.081959
1749491357.89005
1749491386.20341
1749491429.9316938
1749491449.9958096
1749491465.4624872
1749491488.3976731
1749491503.421857
1749491555.812334
1749491573.0789545
1749491594.5924964
1749491626.1642191
1749491644.034518
1749491670.8700726
1749491688.476831
1749491705.1395473
1749491722.594191
1749491742.6065238
1749491759.8722339
1749491777.3202653
1749491794.283499
1749491823.522187
1749491841.0745375
1749491857.2531588
1749491874.67475
1749491892.2534583
1749491922.3366377
1749491999.2815104
1749492044.3330953
1749492061.9499905
1749492080.2559705
1749492106.6141284
1749492123.9752524
1749492141.1954994
1749492158.1922457
1749492175.4907506
1749492193.0317762
