[1720704014.343932, 1720704015.2010748, 1720704016.0582175, 1720704016.9153605, 1720704017.7725034, 1720704018.6296463, 1720704019.486789, 1720704020.343932, 1720704021.2010748, 1720704022.0582175, 1720704022.9153605, 1720704023.7725034, 1720704024.6296463, 1720704025.486789, 1720704026.343932, 1720704027.2010748, 1720704028.0582175, 1720704028.9153605, 1720704029.7725034, 1720704030.6296463, 1720704031.486789]
[1720704046.894518, 1720704047.4399724, 1720704047.985427, 1720704048.5308816, 1720704049.0763361, 1720704049.6217906, 1720704050.1672451, 1720704050.7126997, 1720704051.2581542, 1720704051.803609, 1720704052.3490634, 1720704052.894518, 1720704053.4399724, 1720704053.985427, 1720704054.5308816, 1720704055.0763361, 1720704055.6217906, 1720704056.1672451, 1720704056.7126997, 1720704057.2581542, 1720704057.803609]
[1720704066.2340684, 1720704067.0912113, 1720704067.948354, 1720704068.805497, 1720704069.6626399, 1720704070.5197828, 1720704071.3769255, 1720704072.2340684, 1720704073.0912113, 1720704073.948354, 1720704074.805497, 1720704075.6626399, 1720704076.5197828, 1720704077.3769255, 1720704078.2340684, 1720704079.0912113, 1720704079.948354, 1720704080.805497, 1720704081.6626399, 1720704082.5197828, 1720704083.3769255]
[1720704089.4848049, 1720704090.1514716, 1720704090.8181381, 1720704091.4848049, 1720704092.1514716, 1720704092.8181381, 1720704093.4848049, 1720704094.1514716, 1720704094.8181381, 1720704095.4848049, 1720704096.1514716, 1720704096.8181381, 1720704097.4848049, 1720704098.1514716, 1720704098.8181381, 1720704099.4848049, 1720704100.1514716, 1720704100.8181381, 1720704101.4848049, 1720704102.1514716, 1720704102.8181381]
[1720704110.6039367, 1720704111.4610796, 1720704112.3182223, 1720704113.1753652, 1720704114.0325081, 1720704114.889651, 1720704115.7467937, 1720704116.6039367, 1720704117.4610796, 1720704118.3182223, 1720704119.1753652, 1720704120.0325081, 1720704120.889651, 1720704121.7467937, 1720704122.6039367, 1720704123.4610796, 1720704124.3182223, 1720704125.1753652, 1720704126.0325081, 1720704126.889651, 1720704127.7467937]
[1720704132.7440581, 1720704133.2895126, 1720704133.8349671, 1720704134.3804219, 1720704134.9258764, 1720704135.471331, 1720704136.0167854, 1720704136.56224, 1720704137.1076944, 1720704137.6531491, 1720704138.1986036, 1720704138.7440581, 1720704139.2895126, 1720704139.8349671, 1720704140.3804219, 1720704140.9258764, 1720704141.471331, 1720704142.0167854, 1720704142.56224, 1720704143.1076944, 1720704143.6531491]
[1720704153.9346685, 1720704154.6013353, 1720704155.2680018, 1720704155.9346685, 1720704156.6013353, 1720704157.2680018, 1720704157.9346685, 1720704158.6013353, 1720704159.2680018, 1720704159.9346685, 1720704160.6013353, 1720704161.2680018, 1720704161.9346685, 1720704162.6013353, 1720704163.2680018, 1720704163.9346685, 1720704164.6013353, 1720704165.2680018, 1720704165.9346685, 1720704166.6013353, 1720704167.2680018]
[1720704172.3748019, 1720704172.9202564, 1720704173.4657109, 1720704174.0111656, 1720704174.5566201, 1720704175.1020746, 1720704175.6475291, 1720704176.1929836, 1720704176.7384381, 1720704177.2838929, 1720704177.8293474, 1720704178.3748019, 1720704178.9202564, 1720704179.4657109, 1720704180.0111656, 1720704180.5566201, 1720704181.1020746, 1720704181.6475291, 1720704182.1929836, 1720704182.7384381, 1720704183.2838929]
[1720704189.2847128, 1720704190.1418557, 1720704190.9989984, 1720704191.8561413, 1720704192.7132843, 1720704193.5704272, 1720704194.4275699, 1720704195.2847128, 1720704196.1418557, 1720704196.9989984, 1720704197.8561413, 1720704198.7132843, 1720704199.5704272, 1720704200.4275699, 1720704201.2847128, 1720704202.1418557, 1720704202.9989984, 1720704203.8561413, 1720704204.7132843, 1720704205.5704272, 1720704206.4275699]
[1720704213.7248194, 1720704214.3914862, 1720704215.0581527, 1720704215.7248194, 1720704216.3914862, 1720704217.0581527, 1720704217.7248194, 1720704218.3914862, 1720704219.0581527, 1720704219.7248194, 1720704220.3914862, 1720704221.0581527, 1720704221.7248194, 1720704222.3914862, 1720704223.0581527, 1720704223.7248194, 1720704224.3914862, 1720704225.0581527, 1720704225.7248194, 1720704226.3914862, 1720704227.0581527]
[1720704232.6246514, 1720704233.4817944, 1720704234.338937, 1720704235.19608, 1720704236.053223, 1720704236.9103658, 1720704237.7675085, 1720704238.6246514, 1720704239.4817944, 1720704240.338937, 1720704241.19608, 1720704242.053223, 1720704242.9103658, 1720704243.7675085, 1720704244.6246514, 1720704245.4817944, 1720704246.338937, 1720704247.19608, 1720704248.053223, 1720704248.9103658, 1720704249.7675085]
[1720704257.3247218, 1720704257.9913886, 1720704258.658055, 1720704259.3247218, 1720704259.9913886, 1720704260.658055, 1720704261.3247218, 1720704261.9913886, 1720704262.658055, 1720704263.3247218, 1720704263.9913886, 1720704264.658055, 1720704265.3247218, 1720704265.9913886, 1720704266.658055, 1720704267.3247218, 1720704267.9913886, 1720704268.658055, 1720704269.3247218, 1720704269.9913886, 1720704270.658055]
[1720704275.5843258, 1720704276.4414687, 1720704277.2986114, 1720704278.1557543, 1720704279.0128973, 1720704279.8700402, 1720704280.7271829, 1720704281.5843258, 1720704282.4414687, 1720704283.2986114, 1720704284.1557543, 1720704285.0128973, 1720704285.8700402, 1720704286.7271829, 1720704287.5843258, 1720704288.4414687, 1720704289.2986114, 1720704290.1557543, 1720704291.0128973, 1720704291.8700402, 1720704292.7271829]
[1720704298.0240288, 1720704298.5694833, 1720704299.1149378, 1720704299.6603925, 1720704300.205847, 1720704300.7513015, 1720704301.296756, 1720704301.8422105, 1720704302.387665, 1720704302.9331198, 1720704303.4785743, 1720704304.0240288, 1720704304.5694833, 1720704305.1149378, 1720704305.6603925, 1720704306.205847, 1720704306.7513015, 1720704307.296756, 1720704307.8422105, 1720704308.387665, 1720704308.9331198]
[1720704313.0545292, 1720704313.911672, 1720704314.7688148, 1720704315.6259577, 1720704316.4831007, 1720704317.3402436, 1720704318.1973863, 1720704319.0545292, 1720704319.911672, 1720704320.7688148, 1720704321.6259577, 1720704322.4831007, 1720704323.3402436, 1720704324.1973863, 1720704325.0545292, 1720704325.911672, 1720704326.7688148, 1720704327.6259577, 1720704328.4831007, 1720704329.3402436, 1720704330.1973863]
[1720704333.8746047, 1720704334.5412714, 1720704335.207938, 1720704335.8746047, 1720704336.5412714, 1720704337.207938, 1720704337.8746047, 1720704338.5412714, 1720704339.207938, 1720704339.8746047, 1720704340.5412714, 1720704341.207938, 1720704341.8746047, 1720704342.5412714, 1720704343.207938, 1720704343.8746047, 1720704344.5412714, 1720704345.207938, 1720704345.8746047, 1720704346.5412714, 1720704347.207938]
[1720704354.8341975, 1720704355.6913404, 1720704356.5484831, 1720704357.405626, 1720704358.262769, 1720704359.119912, 1720704359.9770546, 1720704360.8341975, 1720704361.6913404, 1720704362.5484831, 1720704363.405626, 1720704364.262769, 1720704365.119912, 1720704365.9770546, 1720704366.8341975, 1720704367.6913404, 1720704368.5484831, 1720704369.405626, 1720704370.262769, 1720704371.119912, 1720704371.9770546]
[1720704377.4951022, 1720704378.161769, 1720704378.8284354, 1720704379.4951022, 1720704380.161769, 1720704380.8284354, 1720704381.4951022, 1720704382.161769, 1720704382.8284354, 1720704383.4951022, 1720704384.161769, 1720704384.8284354, 1720704385.4951022, 1720704386.161769, 1720704386.8284354, 1720704387.4951022, 1720704388.161769, 1720704388.8284354, 1720704389.4951022, 1720704390.161769, 1720704390.8284354]
[1720704395.5442514, 1720704396.089706, 1720704396.6351604, 1720704397.1806152, 1720704397.7260697, 1720704398.2715242, 1720704398.8169787, 1720704399.3624332, 1720704399.9078877, 1720704400.4533424, 1720704400.998797, 1720704401.5442514, 1720704402.089706, 1720704402.6351604, 1720704403.1806152, 1720704403.7260697, 1720704404.2715242, 1720704404.8169787, 1720704405.3624332, 1720704405.9078877, 1720704406.4533424]
[1720704413.8248024, 1720704414.6819453, 1720704415.539088, 1720704416.396231, 1720704417.2533739, 1720704418.1105168, 1720704418.9676595, 1720704419.8248024, 1720704420.6819453, 1720704421.539088, 1720704422.396231, 1720704423.2533739, 1720704424.1105168, 1720704424.9676595, 1720704425.8248024, 1720704426.6819453, 1720704427.539088, 1720704428.396231, 1720704429.2533739, 1720704430.1105168, 1720704430.9676595]
[1720704435.1245873, 1720704435.791254, 1720704436.4579206, 1720704437.1245873, 1720704437.791254, 1720704438.4579206, 1720704439.1245873, 1720704439.791254, 1720704440.4579206, 1720704441.1245873, 1720704441.791254, 1720704442.4579206, 1720704443.1245873, 1720704443.791254, 1720704444.4579206, 1720704445.1245873, 1720704445.791254, 1720704446.4579206, 1720704447.1245873, 1720704447.791254, 1720704448.4579206]
[1720704452.3648646, 1720704452.910319, 1720704453.4557736, 1720704454.0012283, 1720704454.5466828, 1720704455.0921373, 1720704455.6375918, 1720704456.1830463, 1720704456.7285008, 1720704457.2739556, 1720704457.81941, 1720704458.3648646, 1720704458.910319, 1720704459.4557736, 1720704460.0012283, 1720704460.5466828, 1720704461.0921373, 1720704461.6375918, 1720704462.1830463, 1720704462.7285008, 1720704463.2739556]
[1720704466.9740427, 1720704467.8311856, 1720704468.6883283, 1720704469.5454712, 1720704470.402614, 1720704471.259757, 1720704472.1168997, 1720704472.9740427, 1720704473.8311856, 1720704474.6883283, 1720704475.5454712, 1720704476.402614, 1720704477.259757, 1720704478.1168997, 1720704478.9740427, 1720704479.8311856, 1720704480.6883283, 1720704481.5454712, 1720704482.402614, 1720704483.259757, 1720704484.1168997]
[1720704488.2348125, 1720704488.9014792, 1720704489.5681458, 1720704490.2348125, 1720704490.9014792, 1720704491.5681458, 1720704492.2348125, 1720704492.9014792, 1720704493.5681458, 1720704494.2348125, 1720704494.9014792, 1720704495.5681458, 1720704496.2348125, 1720704496.9014792, 1720704497.5681458, 1720704498.2348125, 1720704498.9014792, 1720704499.5681458, 1720704500.2348125, 1720704500.9014792, 1720704501.5681458]
[1720704508.1040037, 1720704508.9611466, 1720704509.8182893, 1720704510.6754322, 1720704511.5325751, 1720704512.389718, 1720704513.2468607, 1720704514.1040037, 1720704514.9611466, 1720704515.8182893, 1720704516.6754322, 1720704517.5325751, 1720704518.389718, 1720704519.2468607, 1720704520.1040037, 1720704520.9611466, 1720704521.8182893, 1720704522.6754322, 1720704523.5325751, 1720704524.389718, 1720704525.2468607]
[1720704529.7644603, 1720704530.3099148, 1720704530.8553693, 1720704531.400824, 1720704531.9462786, 1720704532.491733, 1720704533.0371876, 1720704533.582642, 1720704534.1280966, 1720704534.6735513, 1720704535.2190058, 1720704535.7644603, 1720704536.3099148, 1720704536.8553693, 1720704537.400824, 1720704537.9462786, 1720704538.491733, 1720704539.0371876, 1720704539.582642, 1720704540.1280966, 1720704540.6735513]
