[1720601310.4335313, 1720601311.2906742, 1720601312.147817, 1720601313.0049598, 1720601313.8621027, 1720601314.7192457, 1720601315.5763884, 1720601316.4335313, 1720601317.2906742, 1720601318.147817, 1720601319.0049598, 1720601319.8621027, 1720601320.7192457, 1720601321.5763884, 1720601322.4335313, 1720601323.2906742, 1720601324.147817, 1720601325.0049598, 1720601325.8621027, 1720601326.7192457, 1720601327.5763884]
[1720601360.2537396, 1720601360.799194, 1720601361.3446486, 1720601361.8901033, 1720601362.4355578, 1720601362.9810123, 1720601363.5264668, 1720601364.0719213, 1720601364.6173759, 1720601365.1628306, 1720601365.708285, 1720601366.2537396, 1720601366.799194, 1720601367.3446486, 1720601367.8901033, 1720601368.4355578, 1720601368.9810123, 1720601369.5264668, 1720601370.0719213, 1720601370.6173759, 1720601371.1628306]
[1720601378.3137536, 1720601378.9804204, 1720601379.6470869, 1720601380.3137536, 1720601380.9804204, 1720601381.6470869, 1720601382.3137536, 1720601382.9804204, 1720601383.6470869, 1720601384.3137536, 1720601384.9804204, 1720601385.6470869, 1720601386.3137536, 1720601386.9804204, 1720601387.6470869, 1720601388.3137536, 1720601388.9804204, 1720601389.6470869, 1720601390.3137536, 1720601390.9804204, 1720601391.6470869]
[1720601397.4528804, 1720601397.998335, 1720601398.5437894, 1720601399.0892441, 1720601399.6346986, 1720601400.1801531, 1720601400.7256076, 1720601401.2710621, 1720601401.8165166, 1720601402.3619714, 1720601402.9074259, 1720601403.4528804, 1720601403.998335, 1720601404.5437894, 1720601405.0892441, 1720601405.6346986, 1720601406.1801531, 1720601406.7256076, 1720601407.2710621, 1720601407.8165166, 1720601408.3619714]
[1720601415.552925, 1720601416.2195919, 1720601416.8862584, 1720601417.552925, 1720601418.2195919, 1720601418.8862584, 1720601419.552925, 1720601420.2195919, 1720601420.8862584, 1720601421.552925, 1720601422.2195919, 1720601422.8862584, 1720601423.552925, 1720601424.2195919, 1720601424.8862584, 1720601425.552925, 1720601426.2195919, 1720601426.8862584, 1720601427.552925, 1720601428.2195919, 1720601428.8862584]
[1720601434.4335275, 1720601435.2906704, 1720601436.147813, 1720601437.004956, 1720601437.862099, 1720601438.7192419, 1720601439.5763845, 1720601440.4335275, 1720601441.2906704, 1720601442.147813, 1720601443.004956, 1720601443.862099, 1720601444.7192419, 1720601445.5763845, 1720601446.4335275, 1720601447.2906704, 1720601448.147813, 1720601449.004956, 1720601449.862099, 1720601450.7192419, 1720601451.5763845]
[1720601458.4028726, 1720601458.948327, 1720601459.4937816, 1720601460.0392363, 1720601460.5846908, 1720601461.1301453, 1720601461.6755998, 1720601462.2210543, 1720601462.7665088, 1720601463.3119636, 1720601463.857418, 1720601464.4028726, 1720601464.948327, 1720601465.4937816, 1720601466.0392363, 1720601466.5846908, 1720601467.1301453, 1720601467.6755998, 1720601468.2210543, 1720601468.7665088, 1720601469.3119636]
[1720601483.4537132, 1720601484.310856, 1720601485.1679988, 1720601486.0251417, 1720601486.8822846, 1720601487.7394276, 1720601488.5965703, 1720601489.4537132, 1720601490.310856, 1720601491.1679988, 1720601492.0251417, 1720601492.8822846, 1720601493.7394276, 1720601494.5965703, 1720601495.4537132, 1720601496.310856, 1720601497.1679988, 1720601498.0251417, 1720601498.8822846, 1720601499.7394276, 1720601500.5965703]
[1720601504.3433814, 1720601504.888836, 1720601505.4342904, 1720601505.9797451, 1720601506.5251997, 1720601507.0706542, 1720601507.6161087, 1720601508.1615632, 1720601508.7070177, 1720601509.2524724, 1720601509.797927, 1720601510.3433814, 1720601510.888836, 1720601511.4342904, 1720601511.9797451, 1720601512.5251997, 1720601513.0706542, 1720601513.6161087, 1720601514.1615632, 1720601514.7070177, 1720601515.2524724]
[1720601556.8638947, 1720601557.7210376, 1720601558.5781803, 1720601559.4353232, 1720601560.2924662, 1720601561.149609, 1720601562.0067518, 1720601562.8638947, 1720601563.7210376, 1720601564.5781803, 1720601565.4353232, 1720601566.2924662, 1720601567.149609, 1720601568.0067518, 1720601568.8638947, 1720601569.7210376, 1720601570.5781803, 1720601571.4353232, 1720601572.2924662, 1720601573.149609, 1720601574.0067518]
[1720601582.4539766, 1720601583.1206434, 1720601583.78731, 1720601584.4539766, 1720601585.1206434, 1720601585.78731, 1720601586.4539766, 1720601587.1206434, 1720601587.78731, 1720601588.4539766, 1720601589.1206434, 1720601589.78731, 1720601590.4539766, 1720601591.1206434, 1720601591.78731, 1720601592.4539766, 1720601593.1206434, 1720601593.78731, 1720601594.4539766, 1720601595.1206434, 1720601595.78731]
[1720601610.0431333, 1720601610.9002762, 1720601611.7574189, 1720601612.6145618, 1720601613.4717047, 1720601614.3288476, 1720601615.1859903, 1720601616.0431333, 1720601616.9002762, 1720601617.7574189, 1720601618.6145618, 1720601619.4717047, 1720601620.3288476, 1720601621.1859903, 1720601622.0431333, 1720601622.9002762, 1720601623.7574189, 1720601624.6145618, 1720601625.4717047, 1720601626.3288476, 1720601627.1859903]
[1720601636.1330123, 1720601636.799679, 1720601637.4663455, 1720601638.1330123, 1720601638.799679, 1720601639.4663455, 1720601640.1330123, 1720601640.799679, 1720601641.4663455, 1720601642.1330123, 1720601642.799679, 1720601643.4663455, 1720601644.1330123, 1720601644.799679, 1720601645.4663455, 1720601646.1330123, 1720601646.799679, 1720601647.4663455, 1720601648.1330123, 1720601648.799679, 1720601649.4663455]
[1720601655.4232337, 1720601656.2803767, 1720601657.1375194, 1720601657.9946623, 1720601658.8518052, 1720601659.7089481, 1720601660.5660908, 1720601661.4232337, 1720601662.2803767, 1720601663.1375194, 1720601663.9946623, 1720601664.8518052, 1720601665.7089481, 1720601666.5660908, 1720601667.4232337, 1720601668.2803767, 1720601669.1375194, 1720601669.9946623, 1720601670.8518052, 1720601671.7089481, 1720601672.5660908]
[1720601678.2229497, 1720601678.7684042, 1720601679.3138587, 1720601679.8593135, 1720601680.404768, 1720601680.9502225, 1720601681.495677, 1720601682.0411315, 1720601682.586586, 1720601683.1320407, 1720601683.6774952, 1720601684.2229497, 1720601684.7684042, 1720601685.3138587, 1720601685.8593135, 1720601686.404768, 1720601686.9502225, 1720601687.495677, 1720601688.0411315, 1720601688.586586, 1720601689.1320407]
[1720601693.5830412, 1720601694.440184, 1720601695.2973268, 1720601696.1544697, 1720601697.0116127, 1720601697.8687556, 1720601698.7258983, 1720601699.5830412, 1720601700.440184, 1720601701.2973268, 1720601702.1544697, 1720601703.0116127, 1720601703.8687556, 1720601704.7258983, 1720601705.5830412, 1720601706.440184, 1720601707.2973268, 1720601708.1544697, 1720601709.0116127, 1720601709.8687556, 1720601710.7258983]
[1720601714.5934896, 1720601715.1389441, 1720601715.6843987, 1720601716.2298534, 1720601716.775308, 1720601717.3207624, 1720601717.866217, 1720601718.4116714, 1720601718.957126, 1720601719.5025806, 1720601720.0480351, 1720601720.5934896, 1720601721.1389441, 1720601721.6843987, 1720601722.2298534, 1720601722.775308, 1720601723.3207624, 1720601723.866217, 1720601724.4116714, 1720601724.957126, 1720601725.5025806]
[1720601731.763183, 1720601732.620326, 1720601733.4774687, 1720601734.3346117, 1720601735.1917546, 1720601736.0488975, 1720601736.9060402, 1720601737.763183, 1720601738.620326, 1720601739.4774687, 1720601740.3346117, 1720601741.1917546, 1720601742.0488975, 1720601742.9060402, 1720601743.763183, 1720601744.620326, 1720601745.4774687, 1720601746.3346117, 1720601747.1917546, 1720601748.0488975, 1720601748.9060402]
[1720601755.3832443, 1720601755.9286988, 1720601756.4741533, 1720601757.019608, 1720601757.5650625, 1720601758.110517, 1720601758.6559715, 1720601759.201426, 1720601759.7468805, 1720601760.2923353, 1720601760.8377898, 1720601761.3832443, 1720601761.9286988, 1720601762.4741533, 1720601763.019608, 1720601763.5650625, 1720601764.110517, 1720601764.6559715, 1720601765.201426, 1720601765.7468805, 1720601766.2923353]
[1720601772.5131543, 1720601773.179821, 1720601773.8464875, 1720601774.5131543, 1720601775.179821, 1720601775.8464875, 1720601776.5131543, 1720601777.179821, 1720601777.8464875, 1720601778.5131543, 1720601779.179821, 1720601779.8464875, 1720601780.5131543, 1720601781.179821, 1720601781.8464875, 1720601782.5131543, 1720601783.179821, 1720601783.8464875, 1720601784.5131543, 1720601785.179821, 1720601785.8464875]
[1720601791.9734473, 1720601792.5189018, 1720601793.0643563, 1720601793.609811, 1720601794.1552656, 1720601794.70072, 1720601795.2461746, 1720601795.791629, 1720601796.3370836, 1720601796.8825383, 1720601797.4279928, 1720601797.9734473, 1720601798.5189018, 1720601799.0643563, 1720601799.609811, 1720601800.1552656, 1720601800.70072, 1720601801.2461746, 1720601801.791629, 1720601802.3370836, 1720601802.8825383]
[1720601807.8735855, 1720601808.7307284, 1720601809.587871, 1720601810.445014, 1720601811.302157, 1720601812.1592999, 1720601813.0164425, 1720601813.8735855, 1720601814.7307284, 1720601815.587871, 1720601816.445014, 1720601817.302157, 1720601818.1592999, 1720601819.0164425, 1720601819.8735855, 1720601820.7307284, 1720601821.587871, 1720601822.445014, 1720601823.302157, 1720601824.1592999, 1720601825.0164425]
[1720601828.6334422, 1720601829.300109, 1720601829.9667754, 1720601830.6334422, 1720601831.300109, 1720601831.9667754, 1720601832.6334422, 1720601833.300109, 1720601833.9667754, 1720601834.6334422, 1720601835.300109, 1720601835.9667754, 1720601836.6334422, 1720601837.300109, 1720601837.9667754, 1720601838.6334422, 1720601839.300109, 1720601839.9667754, 1720601840.6334422, 1720601841.300109, 1720601841.9667754]
[1720601850.3845384, 1720601851.2416813, 1720601852.098824, 1720601852.955967, 1720601853.8131099, 1720601854.6702528, 1720601855.5273955, 1720601856.3845384, 1720601857.2416813, 1720601858.098824, 1720601858.955967, 1720601859.8131099, 1720601860.6702528, 1720601861.5273955, 1720601862.3845384, 1720601863.2416813, 1720601864.098824, 1720601864.955967, 1720601865.8131099, 1720601866.6702528, 1720601867.5273955]
[1720601872.153546, 1720601872.6990006, 1720601873.244455, 1720601873.7899098, 1720601874.3353643, 1720601874.8808188, 1720601875.4262733, 1720601875.9717278, 1720601876.5171824, 1720601877.062637, 1720601877.6080916, 1720601878.153546, 1720601878.6990006, 1720601879.244455, 1720601879.7899098, 1720601880.3353643, 1720601880.8808188, 1720601881.4262733, 1720601881.9717278, 1720601882.5171824, 1720601883.062637]
[1720601889.393682, 1720601890.0603487, 1720601890.7270153, 1720601891.393682, 1720601892.0603487, 1720601892.7270153, 1720601893.393682, 1720601894.0603487, 1720601894.7270153, 1720601895.393682, 1720601896.0603487, 1720601896.7270153, 1720601897.393682, 1720601898.0603487, 1720601898.7270153, 1720601899.393682, 1720601900.0603487, 1720601900.7270153, 1720601901.393682, 1720601902.0603487, 1720601902.7270153]
