[1721033820.7500317, 1721033821.4166985, 1721033822.083365, 1721033822.7500317, 1721033823.4166985, 1721033824.083365, 1721033824.7500317, 1721033825.4166985, 1721033826.083365, 1721033826.7500317, 1721033827.4166985, 1721033828.083365, 1721033828.7500317, 1721033829.4166985, 1721033830.083365, 1721033830.7500317, 1721033831.4166985, 1721033832.083365, 1721033832.7500317, 1721033833.4166985, 1721033834.083365]
[1721033848.3297992, 1721033849.186942, 1721033850.0440848, 1721033850.9012277, 1721033851.7583706, 1721033852.6155136, 1721033853.4726562, 1721033854.3297992, 1721033855.186942, 1721033856.0440848, 1721033856.9012277, 1721033857.7583706, 1721033858.6155136, 1721033859.4726562, 1721033860.3297992, 1721033861.186942, 1721033862.0440848, 1721033862.9012277, 1721033863.7583706, 1721033864.6155136, 1721033865.4726562]
[1721033871.2589588, 1721033871.8044133, 1721033872.3498678, 1721033872.8953226, 1721033873.440777, 1721033873.9862316, 1721033874.531686, 1721033875.0771406, 1721033875.622595, 1721033876.1680498, 1721033876.7135043, 1721033877.2589588, 1721033877.8044133, 1721033878.3498678, 1721033878.8953226, 1721033879.440777, 1721033879.9862316, 1721033880.531686, 1721033881.0771406, 1721033881.622595, 1721033882.1680498]
[1721033914.5990443, 1721033915.265711, 1721033915.9323776, 1721033916.5990443, 1721033917.265711, 1721033917.9323776, 1721033918.5990443, 1721033919.265711, 1721033919.9323776, 1721033920.5990443, 1721033921.265711, 1721033921.9323776, 1721033922.5990443, 1721033923.265711, 1721033923.9323776, 1721033924.5990443, 1721033925.265711, 1721033925.9323776, 1721033926.5990443, 1721033927.265711, 1721033927.9323776]
[1721033933.9395554, 1721033934.7966983, 1721033935.653841, 1721033936.510984, 1721033937.3681269, 1721033938.2252698, 1721033939.0824125, 1721033939.9395554, 1721033940.7966983, 1721033941.653841, 1721033942.510984, 1721033943.3681269, 1721033944.2252698, 1721033945.0824125, 1721033945.9395554, 1721033946.7966983, 1721033947.653841, 1721033948.510984, 1721033949.3681269, 1721033950.2252698, 1721033951.0824125]
[1721033955.3993497, 1721033955.9448042, 1721033956.4902587, 1721033957.0357134, 1721033957.581168, 1721033958.1266224, 1721033958.672077, 1721033959.2175314, 1721033959.762986, 1721033960.3084407, 1721033960.8538952, 1721033961.3993497, 1721033961.9448042, 1721033962.4902587, 1721033963.0357134, 1721033963.581168, 1721033964.1266224, 1721033964.672077, 1721033965.2175314, 1721033965.762986, 1721033966.3084407]
[1721033970.409463, 1721033971.0761297, 1721033971.7427962, 1721033972.409463, 1721033973.0761297, 1721033973.7427962, 1721033974.409463, 1721033975.0761297, 1721033975.7427962, 1721033976.409463, 1721033977.0761297, 1721033977.7427962, 1721033978.409463, 1721033979.0761297, 1721033979.7427962, 1721033980.409463, 1721033981.0761297, 1721033981.7427962, 1721033982.409463, 1721033983.0761297, 1721033983.7427962]
[1721033987.3798423, 1721033988.2369852, 1721033989.094128, 1721033989.9512708, 1721033990.8084137, 1721033991.6655567, 1721033992.5226994, 1721033993.3798423, 1721033994.2369852, 1721033995.094128, 1721033995.9512708, 1721033996.8084137, 1721033997.6655567, 1721033998.5226994, 1721033999.3798423, 1721034000.2369852, 1721034001.094128, 1721034001.9512708, 1721034002.8084137, 1721034003.6655567, 1721034004.5226994]
[1721034008.4789634, 1721034009.0244179, 1721034009.5698724, 1721034010.1153271, 1721034010.6607816, 1721034011.2062361, 1721034011.7516906, 1721034012.2971451, 1721034012.8425996, 1721034013.3880544, 1721034013.9335089, 1721034014.4789634, 1721034015.0244179, 1721034015.5698724, 1721034016.1153271, 1721034016.6607816, 1721034017.2062361, 1721034017.7516906, 1721034018.2971451, 1721034018.8425996, 1721034019.3880544]
[1721034023.0388913, 1721034023.8960342, 1721034024.753177, 1721034025.6103199, 1721034026.4674628, 1721034027.3246057, 1721034028.1817484, 1721034029.0388913, 1721034029.8960342, 1721034030.753177, 1721034031.6103199, 1721034032.4674628, 1721034033.3246057, 1721034034.1817484, 1721034035.0388913, 1721034035.8960342, 1721034036.753177, 1721034037.6103199, 1721034038.4674628, 1721034039.3246057, 1721034040.1817484]
[1721034044.3599608, 1721034045.0266275, 1721034045.693294, 1721034046.3599608, 1721034047.0266275, 1721034047.693294, 1721034048.3599608, 1721034049.0266275, 1721034049.693294, 1721034050.3599608, 1721034051.0266275, 1721034051.693294, 1721034052.3599608, 1721034053.0266275, 1721034053.693294, 1721034054.3599608, 1721034055.0266275, 1721034055.693294, 1721034056.3599608, 1721034057.0266275, 1721034057.693294]
[1721034061.5497754, 1721034062.4069183, 1721034063.264061, 1721034064.121204, 1721034064.9783468, 1721034065.8354897, 1721034066.6926324, 1721034067.5497754, 1721034068.4069183, 1721034069.264061, 1721034070.121204, 1721034070.9783468, 1721034071.8354897, 1721034072.6926324, 1721034073.5497754, 1721034074.4069183, 1721034075.264061, 1721034076.121204, 1721034076.9783468, 1721034077.8354897, 1721034078.6926324]
[1721034083.1093102, 1721034083.6547647, 1721034084.2002192, 1721034084.745674, 1721034085.2911284, 1721034085.836583, 1721034086.3820374, 1721034086.927492, 1721034087.4729464, 1721034088.0184011, 1721034088.5638556, 1721034089.1093102, 1721034089.6547647, 1721034090.2002192, 1721034090.745674, 1721034091.2911284, 1721034091.836583, 1721034092.3820374, 1721034092.927492, 1721034093.4729464, 1721034094.0184011]
[1721034119.5395546, 1721034120.2062213, 1721034120.8728878, 1721034121.5395546, 1721034122.2062213, 1721034122.8728878, 1721034123.5395546, 1721034124.2062213, 1721034124.8728878, 1721034125.5395546, 1721034126.2062213, 1721034126.8728878, 1721034127.5395546, 1721034128.2062213, 1721034128.8728878, 1721034129.5395546, 1721034130.2062213, 1721034130.8728878, 1721034131.5395546, 1721034132.2062213, 1721034132.8728878]
[1721034137.8296018, 1721034138.6867447, 1721034139.5438874, 1721034140.4010303, 1721034141.2581732, 1721034142.1153162, 1721034142.9724588, 1721034143.8296018, 1721034144.6867447, 1721034145.5438874, 1721034146.4010303, 1721034147.2581732, 1721034148.1153162, 1721034148.9724588, 1721034149.8296018, 1721034150.6867447, 1721034151.5438874, 1721034152.4010303, 1721034153.2581732, 1721034154.1153162, 1721034154.9724588]
[1721034159.6993408, 1721034160.2447953, 1721034160.7902498, 1721034161.3357046, 1721034161.881159, 1721034162.4266136, 1721034162.972068, 1721034163.5175226, 1721034164.062977, 1721034164.6084318, 1721034165.1538863, 1721034165.6993408, 1721034166.2447953, 1721034166.7902498, 1721034167.3357046, 1721034167.881159, 1721034168.4266136, 1721034168.972068, 1721034169.5175226, 1721034170.062977, 1721034170.6084318]
[1721034177.108899, 1721034177.7755659, 1721034178.4422324, 1721034179.108899, 1721034179.7755659, 1721034180.4422324, 1721034181.108899, 1721034181.7755659, 1721034182.4422324, 1721034183.108899, 1721034183.7755659, 1721034184.4422324, 1721034185.108899, 1721034185.7755659, 1721034186.4422324, 1721034187.108899, 1721034187.7755659, 1721034188.4422324, 1721034189.108899, 1721034189.7755659, 1721034190.4422324]
[1721034194.5203526, 1721034195.065807, 1721034195.6112616, 1721034196.1567163, 1721034196.7021708, 1721034197.2476254, 1721034197.7930799, 1721034198.3385344, 1721034198.8839889, 1721034199.4294436, 1721034199.974898, 1721034200.5203526, 1721034201.065807, 1721034201.6112616, 1721034202.1567163, 1721034202.7021708, 1721034203.2476254, 1721034203.7930799, 1721034204.3385344, 1721034204.8839889, 1721034205.4294436]
[1721034209.0595465, 1721034209.9166894, 1721034210.773832, 1721034211.630975, 1721034212.488118, 1721034213.3452609, 1721034214.2024035, 1721034215.0595465, 1721034215.9166894, 1721034216.773832, 1721034217.630975, 1721034218.488118, 1721034219.3452609, 1721034220.2024035, 1721034221.0595465, 1721034221.9166894, 1721034222.773832, 1721034223.630975, 1721034224.488118, 1721034225.3452609, 1721034226.2024035]
[1721034230.098924, 1721034230.6443784, 1721034231.189833, 1721034231.7352877, 1721034232.2807422, 1721034232.8261967, 1721034233.3716512, 1721034233.9171057, 1721034234.4625602, 1721034235.008015, 1721034235.5534694, 1721034236.098924, 1721034236.6443784, 1721034237.189833, 1721034237.7352877, 1721034238.2807422, 1721034238.8261967, 1721034239.3716512, 1721034239.9171057, 1721034240.4625602, 1721034241.008015]
[1721034253.559631, 1721034254.416774, 1721034255.2739167, 1721034256.1310596, 1721034256.9882026, 1721034257.8453455, 1721034258.7024882, 1721034259.559631, 1721034260.416774, 1721034261.2739167, 1721034262.1310596, 1721034262.9882026, 1721034263.8453455, 1721034264.7024882, 1721034265.559631, 1721034266.416774, 1721034267.2739167, 1721034268.1310596, 1721034268.9882026, 1721034269.8453455, 1721034270.7024882]
[1721034283.0891938, 1721034283.7558606, 1721034284.422527, 1721034285.0891938, 1721034285.7558606, 1721034286.422527, 1721034287.0891938, 1721034287.7558606, 1721034288.422527, 1721034289.0891938, 1721034289.7558606, 1721034290.422527, 1721034291.0891938, 1721034291.7558606, 1721034292.422527, 1721034293.0891938, 1721034293.7558606, 1721034294.422527, 1721034295.0891938, 1721034295.7558606, 1721034296.422527]
[1721034300.7696292, 1721034301.3150837, 1721034301.8605382, 1721034302.405993, 1721034302.9514475, 1721034303.496902, 1721034304.0423565, 1721034304.587811, 1721034305.1332655, 1721034305.6787202, 1721034306.2241747, 1721034306.7696292, 1721034307.3150837, 1721034307.8605382, 1721034308.405993, 1721034308.9514475, 1721034309.496902, 1721034310.0423565, 1721034310.587811, 1721034311.1332655, 1721034311.6787202]
[1721034316.7494962, 1721034317.6066391, 1721034318.4637818, 1721034319.3209248, 1721034320.1780677, 1721034321.0352106, 1721034321.8923533, 1721034322.7494962, 1721034323.6066391, 1721034324.4637818, 1721034325.3209248, 1721034326.1780677, 1721034327.0352106, 1721034327.8923533, 1721034328.7494962, 1721034329.6066391, 1721034330.4637818, 1721034331.3209248, 1721034332.1780677, 1721034333.0352106, 1721034333.8923533]
[1721034338.8798065, 1721034339.425261, 1721034339.9707155, 1721034340.5161703, 1721034341.0616248, 1721034341.6070793, 1721034342.1525338, 1721034342.6979883, 1721034343.2434428, 1721034343.7888975, 1721034344.334352, 1721034344.8798065, 1721034345.425261, 1721034345.9707155, 1721034346.5161703, 1721034347.0616248, 1721034347.6070793, 1721034348.1525338, 1721034348.6979883, 1721034349.2434428, 1721034349.7888975]
[1721034354.671467, 1721034355.3381338, 1721034356.0048003, 1721034356.671467, 1721034357.3381338, 1721034358.0048003, 1721034358.671467, 1721034359.3381338, 1721034360.0048003, 1721034360.671467, 1721034361.3381338, 1721034362.0048003, 1721034362.671467, 1721034363.3381338, 1721034364.0048003, 1721034364.671467, 1721034365.3381338, 1721034366.0048003, 1721034366.671467, 1721034367.3381338, 1721034368.0048003]
