[1721291750.7053647, 1721291751.2508192, 1721291751.7962737, 1721291752.3417284, 1721291752.887183, 1721291753.4326375, 1721291753.978092, 1721291754.5235465, 1721291755.069001, 1721291755.6144557, 1721291756.1599102, 1721291756.7053647, 1721291757.2508192, 1721291757.7962737, 1721291758.3417284, 1721291758.887183, 1721291759.4326375, 1721291759.978092, 1721291760.5235465, 1721291761.069001, 1721291761.6144557]
[1721291826.6553762, 1721291827.5125191, 1721291828.3696618, 1721291829.2268047, 1721291830.0839477, 1721291830.9410906, 1721291831.7982333, 1721291832.6553762, 1721291833.5125191, 1721291834.3696618, 1721291835.2268047, 1721291836.0839477, 1721291836.9410906, 1721291837.7982333, 1721291838.6553762, 1721291839.5125191, 1721291840.3696618, 1721291841.2268047, 1721291842.0839477, 1721291842.9410906, 1721291843.7982333]
[1721291884.506573, 1721291885.1732397, 1721291885.8399062, 1721291886.506573, 1721291887.1732397, 1721291887.8399062, 1721291888.506573, 1721291889.1732397, 1721291889.8399062, 1721291890.506573, 1721291891.1732397, 1721291891.8399062, 1721291892.506573, 1721291893.1732397, 1721291893.8399062, 1721291894.506573, 1721291895.1732397, 1721291895.8399062, 1721291896.506573, 1721291897.1732397, 1721291897.8399062]
[1721291904.1059027, 1721291904.6513572, 1721291905.1968117, 1721291905.7422664, 1721291906.287721, 1721291906.8331754, 1721291907.37863, 1721291907.9240844, 1721291908.469539, 1721291909.0149937, 1721291909.5604482, 1721291910.1059027, 1721291910.6513572, 1721291911.1968117, 1721291911.7422664, 1721291912.287721, 1721291912.8331754, 1721291913.37863, 1721291913.9240844, 1721291914.469539, 1721291915.0149937]
[1721291922.1253924, 1721291922.9825354, 1721291923.839678, 1721291924.696821, 1721291925.553964, 1721291926.4111068, 1721291927.2682495, 1721291928.1253924, 1721291928.9825354, 1721291929.839678, 1721291930.696821, 1721291931.553964, 1721291932.4111068, 1721291933.2682495, 1721291934.1253924, 1721291934.9825354, 1721291935.839678, 1721291936.696821, 1721291937.553964, 1721291938.4111068, 1721291939.2682495]
[1721291956.1858652, 1721291956.7313197, 1721291957.2767742, 1721291957.822229, 1721291958.3676834, 1721291958.913138, 1721291959.4585924, 1721291960.004047, 1721291960.5495014, 1721291961.0949562, 1721291961.6404107, 1721291962.1858652, 1721291962.7313197, 1721291963.2767742, 1721291963.822229, 1721291964.3676834, 1721291964.913138, 1721291965.4585924, 1721291966.004047, 1721291966.5495014, 1721291967.0949562]
[1721291974.3550093, 1721291975.021676, 1721291975.6883426, 1721291976.3550093, 1721291977.021676, 1721291977.6883426, 1721291978.3550093, 1721291979.021676, 1721291979.6883426, 1721291980.3550093, 1721291981.021676, 1721291981.6883426, 1721291982.3550093, 1721291983.021676, 1721291983.6883426, 1721291984.3550093, 1721291985.021676, 1721291985.6883426, 1721291986.3550093, 1721291987.021676, 1721291987.6883426]
[1721291992.0950735, 1721291992.640528, 1721291993.1859825, 1721291993.7314372, 1721291994.2768917, 1721291994.8223462, 1721291995.3678007, 1721291995.9132552, 1721291996.4587097, 1721291997.0041645, 1721291997.549619, 1721291998.0950735, 1721291998.640528, 1721291999.1859825, 1721291999.7314372, 1721292000.2768917, 1721292000.8223462, 1721292001.3678007, 1721292001.9132552, 1721292002.4587097, 1721292003.0041645]
[1721292008.535539, 1721292009.2022057, 1721292009.8688722, 1721292010.535539, 1721292011.2022057, 1721292011.8688722, 1721292012.535539, 1721292013.2022057, 1721292013.8688722, 1721292014.535539, 1721292015.2022057, 1721292015.8688722, 1721292016.535539, 1721292017.2022057, 1721292017.8688722, 1721292018.535539, 1721292019.2022057, 1721292019.8688722, 1721292020.535539, 1721292021.2022057, 1721292021.8688722]
[1721292026.1456077, 1721292026.6910622, 1721292027.2365167, 1721292027.7819715, 1721292028.327426, 1721292028.8728805, 1721292029.418335, 1721292029.9637895, 1721292030.509244, 1721292031.0546987, 1721292031.6001532, 1721292032.1456077, 1721292032.6910622, 1721292033.2365167, 1721292033.7819715, 1721292034.327426, 1721292034.8728805, 1721292035.418335, 1721292035.9637895, 1721292036.509244, 1721292037.0546987]
[1721292043.445191, 1721292044.3023338, 1721292045.1594765, 1721292046.0166194, 1721292046.8737624, 1721292047.7309053, 1721292048.588048, 1721292049.445191, 1721292050.3023338, 1721292051.1594765, 1721292052.0166194, 1721292052.8737624, 1721292053.7309053, 1721292054.588048, 1721292055.445191, 1721292056.3023338, 1721292057.1594765, 1721292058.0166194, 1721292058.8737624, 1721292059.7309053, 1721292060.588048]
[1721292064.6952224, 1721292065.3618891, 1721292066.0285556, 1721292066.6952224, 1721292067.3618891, 1721292068.0285556, 1721292068.6952224, 1721292069.3618891, 1721292070.0285556, 1721292070.6952224, 1721292071.3618891, 1721292072.0285556, 1721292072.6952224, 1721292073.3618891, 1721292074.0285556, 1721292074.6952224, 1721292075.3618891, 1721292076.0285556, 1721292076.6952224, 1721292077.3618891, 1721292078.0285556]
[1721292081.5652418, 1721292082.4223847, 1721292083.2795274, 1721292084.1366704, 1721292084.9938133, 1721292085.8509562, 1721292086.708099, 1721292087.5652418, 1721292088.4223847, 1721292089.2795274, 1721292090.1366704, 1721292090.9938133, 1721292091.8509562, 1721292092.708099, 1721292093.5652418, 1721292094.4223847, 1721292095.2795274, 1721292096.1366704, 1721292096.9938133, 1721292097.8509562, 1721292098.708099]
[1721292103.5552306, 1721292104.1006851, 1721292104.6461396, 1721292105.1915944, 1721292105.7370489, 1721292106.2825034, 1721292106.8279579, 1721292107.3734124, 1721292107.9188669, 1721292108.4643216, 1721292109.009776, 1721292109.5552306, 1721292110.1006851, 1721292110.6461396, 1721292111.1915944, 1721292111.7370489, 1721292112.2825034, 1721292112.8279579, 1721292113.3734124, 1721292113.9188669, 1721292114.4643216]
[1721292119.2058065, 1721292119.8724732, 1721292120.5391397, 1721292121.2058065, 1721292121.8724732, 1721292122.5391397, 1721292123.2058065, 1721292123.8724732, 1721292124.5391397, 1721292125.2058065, 1721292125.8724732, 1721292126.5391397, 1721292127.2058065, 1721292127.8724732, 1721292128.5391397, 1721292129.2058065, 1721292129.8724732, 1721292130.5391397, 1721292131.2058065, 1721292131.8724732, 1721292132.5391397]
[1721292136.125096, 1721292136.982239, 1721292137.8393817, 1721292138.6965246, 1721292139.5536675, 1721292140.4108105, 1721292141.2679532, 1721292142.125096, 1721292142.982239, 1721292143.8393817, 1721292144.6965246, 1721292145.5536675, 1721292146.4108105, 1721292147.2679532, 1721292148.125096, 1721292148.982239, 1721292149.8393817, 1721292150.6965246, 1721292151.5536675, 1721292152.4108105, 1721292153.2679532]
[1721292156.8664138, 1721292157.4118683, 1721292157.9573228, 1721292158.5027776, 1721292159.048232, 1721292159.5936866, 1721292160.139141, 1721292160.6845956, 1721292161.23005, 1721292161.7755048, 1721292162.3209593, 1721292162.8664138, 1721292163.4118683, 1721292163.9573228, 1721292164.5027776, 1721292165.048232, 1721292165.5936866, 1721292166.139141, 1721292166.6845956, 1721292167.23005, 1721292167.7755048]
[1721292171.4951894, 1721292172.1618562, 1721292172.8285227, 1721292173.4951894, 1721292174.1618562, 1721292174.8285227, 1721292175.4951894, 1721292176.1618562, 1721292176.8285227, 1721292177.4951894, 1721292178.1618562, 1721292178.8285227, 1721292179.4951894, 1721292180.1618562, 1721292180.8285227, 1721292181.4951894, 1721292182.1618562, 1721292182.8285227, 1721292183.4951894, 1721292184.1618562, 1721292184.8285227]
[1721292188.3966649, 1721292189.2538078, 1721292190.1109505, 1721292190.9680934, 1721292191.8252363, 1721292192.6823792, 1721292193.539522, 1721292194.3966649, 1721292195.2538078, 1721292196.1109505, 1721292196.9680934, 1721292197.8252363, 1721292198.6823792, 1721292199.539522, 1721292200.3966649, 1721292201.2538078, 1721292202.1109505, 1721292202.9680934, 1721292203.8252363, 1721292204.6823792, 1721292205.539522]
[1721292209.085816, 1721292209.6312704, 1721292210.176725, 1721292210.7221797, 1721292211.2676342, 1721292211.8130887, 1721292212.3585432, 1721292212.9039977, 1721292213.4494522, 1721292213.994907, 1721292214.5403614, 1721292215.085816, 1721292215.6312704, 1721292216.176725, 1721292216.7221797, 1721292217.2676342, 1721292217.8130887, 1721292218.3585432, 1721292218.9039977, 1721292219.4494522, 1721292219.994907]
[1721292223.8366175, 1721292224.6937604, 1721292225.550903, 1721292226.408046, 1721292227.265189, 1721292228.1223319, 1721292228.9794745, 1721292229.8366175, 1721292230.6937604, 1721292231.550903, 1721292232.408046, 1721292233.265189, 1721292234.1223319, 1721292234.9794745, 1721292235.8366175, 1721292236.6937604, 1721292237.550903, 1721292238.408046, 1721292239.265189, 1721292240.1223319, 1721292240.9794745]
[1721292259.3858545, 1721292260.0525212, 1721292260.7191877, 1721292261.3858545, 1721292262.0525212, 1721292262.7191877, 1721292263.3858545, 1721292264.0525212, 1721292264.7191877, 1721292265.3858545, 1721292266.0525212, 1721292266.7191877, 1721292267.3858545, 1721292268.0525212, 1721292268.7191877, 1721292269.3858545, 1721292270.0525212, 1721292270.7191877, 1721292271.3858545, 1721292272.0525212, 1721292272.7191877]
[1721292280.0855262, 1721292280.6309807, 1721292281.1764352, 1721292281.72189, 1721292282.2673445, 1721292282.812799, 1721292283.3582535, 1721292283.903708, 1721292284.4491625, 1721292284.9946172, 1721292285.5400717, 1721292286.0855262, 1721292286.6309807, 1721292287.1764352, 1721292287.72189, 1721292288.2673445, 1721292288.812799, 1721292289.3582535, 1721292289.903708, 1721292290.4491625, 1721292290.9946172]
[1721292294.0655012, 1721292294.732168, 1721292295.3988345, 1721292296.0655012, 1721292296.732168, 1721292297.3988345, 1721292298.0655012, 1721292298.732168, 1721292299.3988345, 1721292300.0655012, 1721292300.732168, 1721292301.3988345, 1721292302.0655012, 1721292302.732168, 1721292303.3988345, 1721292304.0655012, 1721292304.732168, 1721292305.3988345, 1721292306.0655012, 1721292306.732168, 1721292307.3988345]
[1721292310.8950572, 1721292311.4405117, 1721292311.9859662, 1721292312.531421, 1721292313.0768754, 1721292313.62233, 1721292314.1677845, 1721292314.713239, 1721292315.2586935, 1721292315.8041482, 1721292316.3496027, 1721292316.8950572, 1721292317.4405117, 1721292317.9859662, 1721292318.531421, 1721292319.0768754, 1721292319.62233, 1721292320.1677845, 1721292320.713239, 1721292321.2586935, 1721292321.8041482]
[1721292325.486738, 1721292326.343881, 1721292327.2010236, 1721292328.0581665, 1721292328.9153094, 1721292329.7724524, 1721292330.629595, 1721292331.486738, 1721292332.343881, 1721292333.2010236, 1721292334.0581665, 1721292334.9153094, 1721292335.7724524, 1721292336.629595, 1721292337.486738, 1721292338.343881, 1721292339.2010236, 1721292340.0581665, 1721292340.9153094, 1721292341.7724524, 1721292342.629595]
