[1720943463.1347935, 1720943463.8014603, 1720943464.4681268, 1720943465.1347935, 1720943465.8014603, 1720943466.4681268, 1720943467.1347935, 1720943467.8014603, 1720943468.4681268, 1720943469.1347935, 1720943469.8014603, 1720943470.4681268, 1720943471.1347935, 1720943471.8014603, 1720943472.4681268, 1720943473.1347935, 1720943473.8014603, 1720943474.4681268, 1720943475.1347935, 1720943475.8014603, 1720943476.4681268]
[1720943501.5246205, 1720943502.070075, 1720943502.6155295, 1720943503.1609843, 1720943503.7064388, 1720943504.2518933, 1720943504.7973478, 1720943505.3428023, 1720943505.8882568, 1720943506.4337115, 1720943506.979166, 1720943507.5246205, 1720943508.070075, 1720943508.6155295, 1720943509.1609843, 1720943509.7064388, 1720943510.2518933, 1720943510.7973478, 1720943511.3428023, 1720943511.8882568, 1720943512.4337115]
[1720943566.4547455, 1720943567.1214123, 1720943567.7880788, 1720943568.4547455, 1720943569.1214123, 1720943569.7880788, 1720943570.4547455, 1720943571.1214123, 1720943571.7880788, 1720943572.4547455, 1720943573.1214123, 1720943573.7880788, 1720943574.4547455, 1720943575.1214123, 1720943575.7880788, 1720943576.4547455, 1720943577.1214123, 1720943577.7880788, 1720943578.4547455, 1720943579.1214123, 1720943579.7880788]
[1720943601.735122, 1720943602.2805765, 1720943602.826031, 1720943603.3714857, 1720943603.9169402, 1720943604.4623947, 1720943605.0078492, 1720943605.5533037, 1720943606.0987582, 1720943606.644213, 1720943607.1896675, 1720943607.735122, 1720943608.2805765, 1720943608.826031, 1720943609.3714857, 1720943609.9169402, 1720943610.4623947, 1720943611.0078492, 1720943611.5533037, 1720943612.0987582, 1720943612.644213]
[1720943628.9246662, 1720943629.591333, 1720943630.2579994, 1720943630.9246662, 1720943631.591333, 1720943632.2579994, 1720943632.9246662, 1720943633.591333, 1720943634.2579994, 1720943634.9246662, 1720943635.591333, 1720943636.2579994, 1720943636.9246662, 1720943637.591333, 1720943638.2579994, 1720943638.9246662, 1720943639.591333, 1720943640.2579994, 1720943640.9246662, 1720943641.591333, 1720943642.2579994]
[1720943677.0344965, 1720943677.8916395, 1720943678.7487822, 1720943679.605925, 1720943680.463068, 1720943681.320211, 1720943682.1773536, 1720943683.0344965, 1720943683.8916395, 1720943684.7487822, 1720943685.605925, 1720943686.463068, 1720943687.320211, 1720943688.1773536, 1720943689.0344965, 1720943689.8916395, 1720943690.7487822, 1720943691.605925, 1720943692.463068, 1720943693.320211, 1720943694.1773536]
[1720943732.9252675, 1720943733.470722, 1720943734.0161765, 1720943734.5616312, 1720943735.1070857, 1720943735.6525402, 1720943736.1979947, 1720943736.7434492, 1720943737.2889037, 1720943737.8343585, 1720943738.379813, 1720943738.9252675, 1720943739.470722, 1720943740.0161765, 1720943740.5616312, 1720943741.1070857, 1720943741.6525402, 1720943742.1979947, 1720943742.7434492, 1720943743.2889037, 1720943743.8343585]
[1720943767.354421, 1720943768.2115638, 1720943769.0687065, 1720943769.9258494, 1720943770.7829924, 1720943771.6401353, 1720943772.497278, 1720943773.354421, 1720943774.2115638, 1720943775.0687065, 1720943775.9258494, 1720943776.7829924, 1720943777.6401353, 1720943778.497278, 1720943779.354421, 1720943780.2115638, 1720943781.0687065, 1720943781.9258494, 1720943782.7829924, 1720943783.6401353, 1720943784.497278]
[1720943791.9744313, 1720943792.5198858, 1720943793.0653403, 1720943793.610795, 1720943794.1562495, 1720943794.701704, 1720943795.2471585, 1720943795.792613, 1720943796.3380675, 1720943796.8835223, 1720943797.4289768, 1720943797.9744313, 1720943798.5198858, 1720943799.0653403, 1720943799.610795, 1720943800.1562495, 1720943800.701704, 1720943801.2471585, 1720943801.792613, 1720943802.3380675, 1720943802.8835223]
[1720943819.824949, 1720943820.4916158, 1720943821.1582823, 1720943821.824949, 1720943822.4916158, 1720943823.1582823, 1720943823.824949, 1720943824.4916158, 1720943825.1582823, 1720943825.824949, 1720943826.4916158, 1720943827.1582823, 1720943827.824949, 1720943828.4916158, 1720943829.1582823, 1720943829.824949, 1720943830.4916158, 1720943831.1582823, 1720943831.824949, 1720943832.4916158, 1720943833.1582823]
[1720943844.004432, 1720943844.5498865, 1720943845.095341, 1720943845.6407957, 1720943846.1862502, 1720943846.7317047, 1720943847.2771592, 1720943847.8226137, 1720943848.3680682, 1720943848.913523, 1720943849.4589775, 1720943850.004432, 1720943850.5498865, 1720943851.095341, 1720943851.6407957, 1720943852.1862502, 1720943852.7317047, 1720943853.2771592, 1720943853.8226137, 1720943854.3680682, 1720943854.913523]
[1720943858.935069, 1720943859.792212, 1720943860.6493547, 1720943861.5064976, 1720943862.3636405, 1720943863.2207835, 1720943864.0779262, 1720943864.935069, 1720943865.792212, 1720943866.6493547, 1720943867.5064976, 1720943868.3636405, 1720943869.2207835, 1720943870.0779262, 1720943870.935069, 1720943871.792212, 1720943872.6493547, 1720943873.5064976, 1720943874.3636405, 1720943875.2207835, 1720943876.0779262]
[1720943927.374475, 1720943928.0411417, 1720943928.7078083, 1720943929.374475, 1720943930.0411417, 1720943930.7078083, 1720943931.374475, 1720943932.0411417, 1720943932.7078083, 1720943933.374475, 1720943934.0411417, 1720943934.7078083, 1720943935.374475, 1720943936.0411417, 1720943936.7078083, 1720943937.374475, 1720943938.0411417, 1720943938.7078083, 1720943939.374475, 1720943940.0411417, 1720943940.7078083]
[1720943947.6351738, 1720943948.4923167, 1720943949.3494594, 1720943950.2066023, 1720943951.0637453, 1720943951.9208882, 1720943952.7780309, 1720943953.6351738, 1720943954.4923167, 1720943955.3494594, 1720943956.2066023, 1720943957.0637453, 1720943957.9208882, 1720943958.7780309, 1720943959.6351738, 1720943960.4923167, 1720943961.3494594, 1720943962.2066023, 1720943963.0637453, 1720943963.9208882, 1720943964.7780309]
[1720943970.835088, 1720943971.5017548, 1720943972.1684213, 1720943972.835088, 1720943973.5017548, 1720943974.1684213, 1720943974.835088, 1720943975.5017548, 1720943976.1684213, 1720943976.835088, 1720943977.5017548, 1720943978.1684213, 1720943978.835088, 1720943979.5017548, 1720943980.1684213, 1720943980.835088, 1720943981.5017548, 1720943982.1684213, 1720943982.835088, 1720943983.5017548, 1720943984.1684213]
[1720943989.3745587, 1720943989.9200132, 1720943990.4654677, 1720943991.0109224, 1720943991.556377, 1720943992.1018314, 1720943992.647286, 1720943993.1927404, 1720943993.738195, 1720943994.2836497, 1720943994.8291042, 1720943995.3745587, 1720943995.9200132, 1720943996.4654677, 1720943997.0109224, 1720943997.556377, 1720943998.1018314, 1720943998.647286, 1720943999.1927404, 1720943999.738195, 1720944000.2836497]
[1720944012.6445503, 1720944013.5016932, 1720944014.358836, 1720944015.2159789, 1720944016.0731218, 1720944016.9302647, 1720944017.7874074, 1720944018.6445503, 1720944019.5016932, 1720944020.358836, 1720944021.2159789, 1720944022.0731218, 1720944022.9302647, 1720944023.7874074, 1720944024.6445503, 1720944025.5016932, 1720944026.358836, 1720944027.2159789, 1720944028.0731218, 1720944028.9302647, 1720944029.7874074]
[1720944037.4145188, 1720944037.9599733, 1720944038.5054278, 1720944039.0508826, 1720944039.596337, 1720944040.1417916, 1720944040.687246, 1720944041.2327006, 1720944041.778155, 1720944042.3236098, 1720944042.8690643, 1720944043.4145188, 1720944043.9599733, 1720944044.5054278, 1720944045.0508826, 1720944045.596337, 1720944046.1417916, 1720944046.687246, 1720944047.2327006, 1720944047.778155, 1720944048.3236098]
[1720944069.5555596, 1720944070.4127026, 1720944071.2698452, 1720944072.1269882, 1720944072.984131, 1720944073.841274, 1720944074.6984167, 1720944075.5555596, 1720944076.4127026, 1720944077.2698452, 1720944078.1269882, 1720944078.984131, 1720944079.841274, 1720944080.6984167, 1720944081.5555596, 1720944082.4127026, 1720944083.2698452, 1720944084.1269882, 1720944084.984131, 1720944085.841274, 1720944086.6984167]
[1720944096.624538, 1720944097.2912047, 1720944097.9578712, 1720944098.624538, 1720944099.2912047, 1720944099.9578712, 1720944100.624538, 1720944101.2912047, 1720944101.9578712, 1720944102.624538, 1720944103.2912047, 1720944103.9578712, 1720944104.624538, 1720944105.2912047, 1720944105.9578712, 1720944106.624538, 1720944107.2912047, 1720944107.9578712, 1720944108.624538, 1720944109.2912047, 1720944109.9578712]
[1720944124.744575, 1720944125.2900295, 1720944125.835484, 1720944126.3809388, 1720944126.9263933, 1720944127.4718478, 1720944128.0173023, 1720944128.5627568, 1720944129.1082113, 1720944129.653666, 1720944130.1991205, 1720944130.744575, 1720944131.2900295, 1720944131.835484, 1720944132.3809388, 1720944132.9263933, 1720944133.4718478, 1720944134.0173023, 1720944134.5627568, 1720944135.1082113, 1720944135.653666]
[1720944147.0950367, 1720944147.7617035, 1720944148.42837, 1720944149.0950367, 1720944149.7617035, 1720944150.42837, 1720944151.0950367, 1720944151.7617035, 1720944152.42837, 1720944153.0950367, 1720944153.7617035, 1720944154.42837, 1720944155.0950367, 1720944155.7617035, 1720944156.42837, 1720944157.0950367, 1720944157.7617035, 1720944158.42837, 1720944159.0950367, 1720944159.7617035, 1720944160.42837]
[1720944166.9047272, 1720944167.4501817, 1720944167.9956362, 1720944168.541091, 1720944169.0865455, 1720944169.632, 1720944170.1774545, 1720944170.722909, 1720944171.2683635, 1720944171.8138182, 1720944172.3592727, 1720944172.9047272, 1720944173.4501817, 1720944173.9956362, 1720944174.541091, 1720944175.0865455, 1720944175.632, 1720944176.1774545, 1720944176.722909, 1720944177.2683635, 1720944177.8138182]
[1720944196.465001, 1720944197.322144, 1720944198.1792867, 1720944199.0364296, 1720944199.8935726, 1720944200.7507155, 1720944201.6078582, 1720944202.465001, 1720944203.322144, 1720944204.1792867, 1720944205.0364296, 1720944205.8935726, 1720944206.7507155, 1720944207.6078582, 1720944208.465001, 1720944209.322144, 1720944210.1792867, 1720944211.0364296, 1720944211.8935726, 1720944212.7507155, 1720944213.6078582]
[1720944217.6548285, 1720944218.3214953, 1720944218.9881618, 1720944219.6548285, 1720944220.3214953, 1720944220.9881618, 1720944221.6548285, 1720944222.3214953, 1720944222.9881618, 1720944223.6548285, 1720944224.3214953, 1720944224.9881618, 1720944225.6548285, 1720944226.3214953, 1720944226.9881618, 1720944227.6548285, 1720944228.3214953, 1720944228.9881618, 1720944229.6548285, 1720944230.3214953, 1720944230.9881618]
[1720944234.934604, 1720944235.4800584, 1720944236.025513, 1720944236.5709677, 1720944237.1164222, 1720944237.6618767, 1720944238.2073312, 1720944238.7527857, 1720944239.2982402, 1720944239.843695, 1720944240.3891494, 1720944240.934604, 1720944241.4800584, 1720944242.025513, 1720944242.5709677, 1720944243.1164222, 1720944243.6618767, 1720944244.2073312, 1720944244.7527857, 1720944245.2982402, 1720944245.843695]
