[1721633971.9100382, 1721633972.4554927, 1721633973.0009472, 1721633973.546402, 1721633974.0918565, 1721633974.637311, 1721633975.1827655, 1721633975.72822, 1721633976.2736745, 1721633976.8191292, 1721633977.3645837, 1721633977.9100382, 1721633978.4554927, 1721633979.0009472, 1721633979.546402, 1721633980.0918565, 1721633980.637311, 1721633981.1827655, 1721633981.72822, 1721633982.2736745, 1721633982.8191292]
[1721634051.7394814, 1721634052.4061482, 1721634053.0728147, 1721634053.7394814, 1721634054.4061482, 1721634055.0728147, 1721634055.7394814, 1721634056.4061482, 1721634057.0728147, 1721634057.7394814, 1721634058.4061482, 1721634059.0728147, 1721634059.7394814, 1721634060.4061482, 1721634061.0728147, 1721634061.7394814, 1721634062.4061482, 1721634063.0728147, 1721634063.7394814, 1721634064.4061482, 1721634065.0728147]
[1721634087.6598222, 1721634088.5169652, 1721634089.3741078, 1721634090.2312508, 1721634091.0883937, 1721634091.9455366, 1721634092.8026793, 1721634093.6598222, 1721634094.5169652, 1721634095.3741078, 1721634096.2312508, 1721634097.0883937, 1721634097.9455366, 1721634098.8026793, 1721634099.6598222, 1721634100.5169652, 1721634101.3741078, 1721634102.2312508, 1721634103.0883937, 1721634103.9455366, 1721634104.8026793]
[1721634114.9392476, 1721634115.6059144, 1721634116.2725809, 1721634116.9392476, 1721634117.6059144, 1721634118.2725809, 1721634118.9392476, 1721634119.6059144, 1721634120.2725809, 1721634120.9392476, 1721634121.6059144, 1721634122.2725809, 1721634122.9392476, 1721634123.6059144, 1721634124.2725809, 1721634124.9392476, 1721634125.6059144, 1721634126.2725809, 1721634126.9392476, 1721634127.6059144, 1721634128.2725809]
[1721634136.4591315, 1721634137.004586, 1721634137.5500405, 1721634138.0954952, 1721634138.6409497, 1721634139.1864042, 1721634139.7318587, 1721634140.2773132, 1721634140.8227677, 1721634141.3682225, 1721634141.913677, 1721634142.4591315, 1721634143.004586, 1721634143.5500405, 1721634144.0954952, 1721634144.6409497, 1721634145.1864042, 1721634145.7318587, 1721634146.2773132, 1721634146.8227677, 1721634147.3682225]
[1721634154.4192474, 1721634155.0859141, 1721634155.7525806, 1721634156.4192474, 1721634157.0859141, 1721634157.7525806, 1721634158.4192474, 1721634159.0859141, 1721634159.7525806, 1721634160.4192474, 1721634161.0859141, 1721634161.7525806, 1721634162.4192474, 1721634163.0859141, 1721634163.7525806, 1721634164.4192474, 1721634165.0859141, 1721634165.7525806, 1721634166.4192474, 1721634167.0859141, 1721634167.7525806]
[1721634172.6900349, 1721634173.2354894, 1721634173.7809439, 1721634174.3263986, 1721634174.871853, 1721634175.4173076, 1721634175.962762, 1721634176.5082166, 1721634177.0536711, 1721634177.5991259, 1721634178.1445804, 1721634178.6900349, 1721634179.2354894, 1721634179.7809439, 1721634180.3263986, 1721634180.871853, 1721634181.4173076, 1721634181.962762, 1721634182.5082166, 1721634183.0536711, 1721634183.5991259]
[1721634187.4792206, 1721634188.1458874, 1721634188.812554, 1721634189.4792206, 1721634190.1458874, 1721634190.812554, 1721634191.4792206, 1721634192.1458874, 1721634192.812554, 1721634193.4792206, 1721634194.1458874, 1721634194.812554, 1721634195.4792206, 1721634196.1458874, 1721634196.812554, 1721634197.4792206, 1721634198.1458874, 1721634198.812554, 1721634199.4792206, 1721634200.1458874, 1721634200.812554]
[1721634208.3196301, 1721634208.8650846, 1721634209.4105392, 1721634209.955994, 1721634210.5014484, 1721634211.046903, 1721634211.5923574, 1721634212.137812, 1721634212.6832664, 1721634213.2287211, 1721634213.7741756, 1721634214.3196301, 1721634214.8650846, 1721634215.4105392, 1721634215.955994, 1721634216.5014484, 1721634217.046903, 1721634217.5923574, 1721634218.137812, 1721634218.6832664, 1721634219.2287211]
[1721634225.9407918, 1721634226.6074586, 1721634227.274125, 1721634227.9407918, 1721634228.6074586, 1721634229.274125, 1721634229.9407918, 1721634230.6074586, 1721634231.274125, 1721634231.9407918, 1721634232.6074586, 1721634233.274125, 1721634233.9407918, 1721634234.6074586, 1721634235.274125, 1721634235.9407918, 1721634236.6074586, 1721634237.274125, 1721634237.9407918, 1721634238.6074586, 1721634239.274125]
[1721634243.6091073, 1721634244.4662502, 1721634245.3233929, 1721634246.1805358, 1721634247.0376787, 1721634247.8948216, 1721634248.7519643, 1721634249.6091073, 1721634250.4662502, 1721634251.3233929, 1721634252.1805358, 1721634253.0376787, 1721634253.8948216, 1721634254.7519643, 1721634255.6091073, 1721634256.4662502, 1721634257.3233929, 1721634258.1805358, 1721634259.0376787, 1721634259.8948216, 1721634260.7519643]
[1721634265.8732176, 1721634266.5398843, 1721634267.2065508, 1721634267.8732176, 1721634268.5398843, 1721634269.2065508, 1721634269.8732176, 1721634270.5398843, 1721634271.2065508, 1721634271.8732176, 1721634272.5398843, 1721634273.2065508, 1721634273.8732176, 1721634274.5398843, 1721634275.2065508, 1721634275.8732176, 1721634276.5398843, 1721634277.2065508, 1721634277.8732176, 1721634278.5398843, 1721634279.2065508]
[1721634282.6392965, 1721634283.4964395, 1721634284.3535821, 1721634285.210725, 1721634286.067868, 1721634286.925011, 1721634287.7821536, 1721634288.6392965, 1721634289.4964395, 1721634290.3535821, 1721634291.210725, 1721634292.067868, 1721634292.925011, 1721634293.7821536, 1721634294.6392965, 1721634295.4964395, 1721634296.3535821, 1721634297.210725, 1721634298.067868, 1721634298.925011, 1721634299.7821536]
[1721634303.409147, 1721634304.0758138, 1721634304.7424803, 1721634305.409147, 1721634306.0758138, 1721634306.7424803, 1721634307.409147, 1721634308.0758138, 1721634308.7424803, 1721634309.409147, 1721634310.0758138, 1721634310.7424803, 1721634311.409147, 1721634312.0758138, 1721634312.7424803, 1721634313.409147, 1721634314.0758138, 1721634314.7424803, 1721634315.409147, 1721634316.0758138, 1721634316.7424803]
[1721634320.5791912, 1721634321.1246457, 1721634321.6701002, 1721634322.215555, 1721634322.7610095, 1721634323.306464, 1721634323.8519185, 1721634324.397373, 1721634324.9428275, 1721634325.4882822, 1721634326.0337367, 1721634326.5791912, 1721634327.1246457, 1721634327.6701002, 1721634328.215555, 1721634328.7610095, 1721634329.306464, 1721634329.8519185, 1721634330.397373, 1721634330.9428275, 1721634331.4882822]
[1721634335.2492747, 1721634335.9159415, 1721634336.582608, 1721634337.2492747, 1721634337.9159415, 1721634338.582608, 1721634339.2492747, 1721634339.9159415, 1721634340.582608, 1721634341.2492747, 1721634341.9159415, 1721634342.582608, 1721634343.2492747, 1721634343.9159415, 1721634344.582608, 1721634345.2492747, 1721634345.9159415, 1721634346.582608, 1721634347.2492747, 1721634347.9159415, 1721634348.582608]
[1721634353.3192408, 1721634354.1763837, 1721634355.0335264, 1721634355.8906693, 1721634356.7478123, 1721634357.6049552, 1721634358.462098, 1721634359.3192408, 1721634360.1763837, 1721634361.0335264, 1721634361.8906693, 1721634362.7478123, 1721634363.6049552, 1721634364.462098, 1721634365.3192408, 1721634366.1763837, 1721634367.0335264, 1721634367.8906693, 1721634368.7478123, 1721634369.6049552, 1721634370.462098]
[1721634374.4992015, 1721634375.1658683, 1721634375.8325348, 1721634376.4992015, 1721634377.1658683, 1721634377.8325348, 1721634378.4992015, 1721634379.1658683, 1721634379.8325348, 1721634380.4992015, 1721634381.1658683, 1721634381.8325348, 1721634382.4992015, 1721634383.1658683, 1721634383.8325348, 1721634384.4992015, 1721634385.1658683, 1721634385.8325348, 1721634386.4992015, 1721634387.1658683, 1721634387.8325348]
[1721634391.1592214, 1721634391.704676, 1721634392.2501304, 1721634392.7955852, 1721634393.3410397, 1721634393.8864942, 1721634394.4319487, 1721634394.9774032, 1721634395.5228577, 1721634396.0683124, 1721634396.613767, 1721634397.1592214, 1721634397.704676, 1721634398.2501304, 1721634398.7955852, 1721634399.3410397, 1721634399.8864942, 1721634400.4319487, 1721634400.9774032, 1721634401.5228577, 1721634402.0683124]
[1721634406.5696976, 1721634407.2363644, 1721634407.9030309, 1721634408.5696976, 1721634409.2363644, 1721634409.9030309, 1721634410.5696976, 1721634411.2363644, 1721634411.9030309, 1721634412.5696976, 1721634413.2363644, 1721634413.9030309, 1721634414.5696976, 1721634415.2363644, 1721634415.9030309, 1721634416.5696976, 1721634417.2363644, 1721634417.9030309, 1721634418.5696976, 1721634419.2363644, 1721634419.9030309]
[1721634426.9991744, 1721634427.5446289, 1721634428.0900834, 1721634428.635538, 1721634429.1809926, 1721634429.726447, 1721634430.2719016, 1721634430.817356, 1721634431.3628106, 1721634431.9082654, 1721634432.4537199, 1721634432.9991744, 1721634433.5446289, 1721634434.0900834, 1721634434.635538, 1721634435.1809926, 1721634435.726447, 1721634436.2719016, 1721634436.817356, 1721634437.3628106, 1721634437.9082654]
[1721634442.1790657, 1721634442.8457325, 1721634443.512399, 1721634444.1790657, 1721634444.8457325, 1721634445.512399, 1721634446.1790657, 1721634446.8457325, 1721634447.512399, 1721634448.1790657, 1721634448.8457325, 1721634449.512399, 1721634450.1790657, 1721634450.8457325, 1721634451.512399, 1721634452.1790657, 1721634452.8457325, 1721634453.512399, 1721634454.1790657, 1721634454.8457325, 1721634455.512399]
[1721634459.1891742, 1721634459.7346287, 1721634460.2800832, 1721634460.825538, 1721634461.3709924, 1721634461.916447, 1721634462.4619014, 1721634463.007356, 1721634463.5528104, 1721634464.0982652, 1721634464.6437197, 1721634465.1891742, 1721634465.7346287, 1721634466.2800832, 1721634466.825538, 1721634467.3709924, 1721634467.916447, 1721634468.4619014, 1721634469.007356, 1721634469.5528104, 1721634470.0982652]
[1721634474.099402, 1721634474.7660687, 1721634475.4327352, 1721634476.099402, 1721634476.7660687, 1721634477.4327352, 1721634478.099402, 1721634478.7660687, 1721634479.4327352, 1721634480.099402, 1721634480.7660687, 1721634481.4327352, 1721634482.099402, 1721634482.7660687, 1721634483.4327352, 1721634484.099402, 1721634484.7660687, 1721634485.4327352, 1721634486.099402, 1721634486.7660687, 1721634487.4327352]
[1721634491.7790487, 1721634492.6361916, 1721634493.4933343, 1721634494.3504772, 1721634495.2076201, 1721634496.064763, 1721634496.9219058, 1721634497.7790487, 1721634498.6361916, 1721634499.4933343, 1721634500.3504772, 1721634501.2076201, 1721634502.064763, 1721634502.9219058, 1721634503.7790487, 1721634504.6361916, 1721634505.4933343, 1721634506.3504772, 1721634507.2076201, 1721634508.064763, 1721634508.9219058]
[1721634512.659012, 1721634513.2044666, 1721634513.749921, 1721634514.2953758, 1721634514.8408303, 1721634515.3862848, 1721634515.9317393, 1721634516.4771938, 1721634517.0226483, 1721634517.568103, 1721634518.1135576, 1721634518.659012, 1721634519.2044666, 1721634519.749921, 1721634520.2953758, 1721634520.8408303, 1721634521.3862848, 1721634521.9317393, 1721634522.4771938, 1721634523.0226483, 1721634523.568103]
