1749502115.1572354
1749502176.5355642
1749502195.7533906
1749502261.0257378
1749502285.8089354
1749502312.5975838
1749502333.350957
1749502412.113457
1749502428.0253336
1749502446.5120165
1749502470.00617
1749502496.19356
1749502521.644648
1749502560.5759237
1749502576.3108902
1749502604.8671296
1749502622.0713165
1749502653.4610543
1749502685.7599237
1749502705.8250635
1749502729.3150084
1749502750.0959754
1749502801.5492096
1749502843.7171757
1749502866.302593
1749502884.3653488
1749502906.3867722
1749502921.8130114
1749502940.7603571
1749502998.7348893
1749503046.6471043
1749503068.8362405
1749503136.8422477
1749503161.144569
1749503180.1212904
1749503200.3085923
1749503221.7336104
1749503242.1805646
1749503261.9591923
1749503280.3010793
1749503306.7942533
1749503328.0239987
1749503360.6128075
1749503381.107064
1749503400.9441936
1749503420.2122717
1749503439.5922985
1749503470.2563295
1749503503.974478
1749503523.1948082
1749503543.0710208
1749503569.173657
1749503602.0626166
1749503619.676535
1749503639.5802493
1749503664.7762966
1749503682.4712734
1749503700.9370944
