[1721043313.4418368, 1721043314.2989798, 1721043315.1561224, 1721043316.0132654, 1721043316.8704083, 1721043317.7275512, 1721043318.584694, 1721043319.4418368, 1721043320.2989798, 1721043321.1561224, 1721043322.0132654, 1721043322.8704083, 1721043323.7275512, 1721043324.584694, 1721043325.4418368, 1721043326.2989798, 1721043327.1561224, 1721043328.0132654, 1721043328.8704083, 1721043329.7275512, 1721043330.584694]
[1721043375.462118, 1721043376.1287847, 1721043376.7954512, 1721043377.462118, 1721043378.1287847, 1721043378.7954512, 1721043379.462118, 1721043380.1287847, 1721043380.7954512, 1721043381.462118, 1721043382.1287847, 1721043382.7954512, 1721043383.462118, 1721043384.1287847, 1721043384.7954512, 1721043385.462118, 1721043386.1287847, 1721043386.7954512, 1721043387.462118, 1721043388.1287847, 1721043388.7954512]
[1721043401.8219268, 1721043402.3673813, 1721043402.9128358, 1721043403.4582906, 1721043404.003745, 1721043404.5491996, 1721043405.094654, 1721043405.6401086, 1721043406.185563, 1721043406.7310178, 1721043407.2764723, 1721043407.8219268, 1721043408.3673813, 1721043408.9128358, 1721043409.4582906, 1721043410.003745, 1721043410.5491996, 1721043411.094654, 1721043411.6401086, 1721043412.185563, 1721043412.7310178]
[1721043425.1421292, 1721043425.808796, 1721043426.4754624, 1721043427.1421292, 1721043427.808796, 1721043428.4754624, 1721043429.1421292, 1721043429.808796, 1721043430.4754624, 1721043431.1421292, 1721043431.808796, 1721043432.4754624, 1721043433.1421292, 1721043433.808796, 1721043434.4754624, 1721043435.1421292, 1721043435.808796, 1721043436.4754624, 1721043437.1421292, 1721043437.808796, 1721043438.4754624]
[1721043480.0615785, 1721043480.607033, 1721043481.1524875, 1721043481.6979423, 1721043482.2433968, 1721043482.7888513, 1721043483.3343058, 1721043483.8797603, 1721043484.4252148, 1721043484.9706695, 1721043485.516124, 1721043486.0615785, 1721043486.607033, 1721043487.1524875, 1721043487.6979423, 1721043488.2433968, 1721043488.7888513, 1721043489.3343058, 1721043489.8797603, 1721043490.4252148, 1721043490.9706695]
[1721043509.7718966, 1721043510.4385633, 1721043511.1052299, 1721043511.7718966, 1721043512.4385633, 1721043513.1052299, 1721043513.7718966, 1721043514.4385633, 1721043515.1052299, 1721043515.7718966, 1721043516.4385633, 1721043517.1052299, 1721043517.7718966, 1721043518.4385633, 1721043519.1052299, 1721043519.7718966, 1721043520.4385633, 1721043521.1052299, 1721043521.7718966, 1721043522.4385633, 1721043523.1052299]
[1721043529.8719394, 1721043530.7290823, 1721043531.586225, 1721043532.443368, 1721043533.300511, 1721043534.1576538, 1721043535.0147965, 1721043535.8719394, 1721043536.7290823, 1721043537.586225, 1721043538.443368, 1721043539.300511, 1721043540.1576538, 1721043541.0147965, 1721043541.8719394, 1721043542.7290823, 1721043543.586225, 1721043544.443368, 1721043545.300511, 1721043546.1576538, 1721043547.0147965]
[1721043557.6518297, 1721043558.3184965, 1721043558.985163, 1721043559.6518297, 1721043560.3184965, 1721043560.985163, 1721043561.6518297, 1721043562.3184965, 1721043562.985163, 1721043563.6518297, 1721043564.3184965, 1721043564.985163, 1721043565.6518297, 1721043566.3184965, 1721043566.985163, 1721043567.6518297, 1721043568.3184965, 1721043568.985163, 1721043569.6518297, 1721043570.3184965, 1721043570.985163]
[1721043576.6917038, 1721043577.2371583, 1721043577.7826128, 1721043578.3280675, 1721043578.873522, 1721043579.4189765, 1721043579.964431, 1721043580.5098855, 1721043581.05534, 1721043581.6007948, 1721043582.1462493, 1721043582.6917038, 1721043583.2371583, 1721043583.7826128, 1721043584.3280675, 1721043584.873522, 1721043585.4189765, 1721043585.964431, 1721043586.5098855, 1721043587.05534, 1721043587.6007948]
[1721043592.591968, 1721043593.2586348, 1721043593.9253013, 1721043594.591968, 1721043595.2586348, 1721043595.9253013, 1721043596.591968, 1721043597.2586348, 1721043597.9253013, 1721043598.591968, 1721043599.2586348, 1721043599.9253013, 1721043600.591968, 1721043601.2586348, 1721043601.9253013, 1721043602.591968, 1721043603.2586348, 1721043603.9253013, 1721043604.591968, 1721043605.2586348, 1721043605.9253013]
[1721043610.8217251, 1721043611.3671796, 1721043611.9126341, 1721043612.4580889, 1721043613.0035434, 1721043613.5489979, 1721043614.0944524, 1721043614.639907, 1721043615.1853614, 1721043615.7308161, 1721043616.2762706, 1721043616.8217251, 1721043617.3671796, 1721043617.9126341, 1721043618.4580889, 1721043619.0035434, 1721043619.5489979, 1721043620.0944524, 1721043620.639907, 1721043621.1853614, 1721043621.7308161]
[1721043626.561845, 1721043627.2285118, 1721043627.8951783, 1721043628.561845, 1721043629.2285118, 1721043629.8951783, 1721043630.561845, 1721043631.2285118, 1721043631.8951783, 1721043632.561845, 1721043633.2285118, 1721043633.8951783, 1721043634.561845, 1721043635.2285118, 1721043635.8951783, 1721043636.561845, 1721043637.2285118, 1721043637.8951783, 1721043638.561845, 1721043639.2285118, 1721043639.8951783]
[1721043644.6114967, 1721043645.4686396, 1721043646.3257823, 1721043647.1829252, 1721043648.0400681, 1721043648.897211, 1721043649.7543538, 1721043650.6114967, 1721043651.4686396, 1721043652.3257823, 1721043653.1829252, 1721043654.0400681, 1721043654.897211, 1721043655.7543538, 1721043656.6114967, 1721043657.4686396, 1721043658.3257823, 1721043659.1829252, 1721043660.0400681, 1721043660.897211, 1721043661.7543538]
[1721043677.441762, 1721043678.1084287, 1721043678.7750952, 1721043679.441762, 1721043680.1084287, 1721043680.7750952, 1721043681.441762, 1721043682.1084287, 1721043682.7750952, 1721043683.441762, 1721043684.1084287, 1721043684.7750952, 1721043685.441762, 1721043686.1084287, 1721043686.7750952, 1721043687.441762, 1721043688.1084287, 1721043688.7750952, 1721043689.441762, 1721043690.1084287, 1721043690.7750952]
[1721043697.9119709, 1721043698.7691138, 1721043699.6262565, 1721043700.4833994, 1721043701.3405423, 1721043702.1976852, 1721043703.054828, 1721043703.9119709, 1721043704.7691138, 1721043705.6262565, 1721043706.4833994, 1721043707.3405423, 1721043708.1976852, 1721043709.054828, 1721043709.9119709, 1721043710.7691138, 1721043711.6262565, 1721043712.4833994, 1721043713.3405423, 1721043714.1976852, 1721043715.054828]
[1721043719.5215366, 1721043720.066991, 1721043720.6124456, 1721043721.1579003, 1721043721.7033548, 1721043722.2488093, 1721043722.7942638, 1721043723.3397183, 1721043723.8851728, 1721043724.4306276, 1721043724.976082, 1721043725.5215366, 1721043726.066991, 1721043726.6124456, 1721043727.1579003, 1721043727.7033548, 1721043728.2488093, 1721043728.7942638, 1721043729.3397183, 1721043729.8851728, 1721043730.4306276]
[1721043736.1419601, 1721043736.999103, 1721043737.8562458, 1721043738.7133887, 1721043739.5705316, 1721043740.4276745, 1721043741.2848172, 1721043742.1419601, 1721043742.999103, 1721043743.8562458, 1721043744.7133887, 1721043745.5705316, 1721043746.4276745, 1721043747.2848172, 1721043748.1419601, 1721043748.999103, 1721043749.8562458, 1721043750.7133887, 1721043751.5705316, 1721043752.4276745, 1721043753.2848172]
[1721043757.502363, 1721043758.1690297, 1721043758.8356962, 1721043759.502363, 1721043760.1690297, 1721043760.8356962, 1721043761.502363, 1721043762.1690297, 1721043762.8356962, 1721043763.502363, 1721043764.1690297, 1721043764.8356962, 1721043765.502363, 1721043766.1690297, 1721043766.8356962, 1721043767.502363, 1721043768.1690297, 1721043768.8356962, 1721043769.502363, 1721043770.1690297, 1721043770.8356962]
[1721043775.0628436, 1721043775.9199865, 1721043776.7771292, 1721043777.634272, 1721043778.491415, 1721043779.348558, 1721043780.2057006, 1721043781.0628436, 1721043781.9199865, 1721043782.7771292, 1721043783.634272, 1721043784.491415, 1721043785.348558, 1721043786.2057006, 1721043787.0628436, 1721043787.9199865, 1721043788.7771292, 1721043789.634272, 1721043790.491415, 1721043791.348558, 1721043792.2057006]
[1721043803.0620844, 1721043803.7287512, 1721043804.3954177, 1721043805.0620844, 1721043805.7287512, 1721043806.3954177, 1721043807.0620844, 1721043807.7287512, 1721043808.3954177, 1721043809.0620844, 1721043809.7287512, 1721043810.3954177, 1721043811.0620844, 1721043811.7287512, 1721043812.3954177, 1721043813.0620844, 1721043813.7287512, 1721043814.3954177, 1721043815.0620844, 1721043815.7287512, 1721043816.3954177]
[1721043820.7818089, 1721043821.3272634, 1721043821.8727179, 1721043822.4181726, 1721043822.963627, 1721043823.5090816, 1721043824.054536, 1721043824.5999906, 1721043825.145445, 1721043825.6908998, 1721043826.2363544, 1721043826.7818089, 1721043827.3272634, 1721043827.8727179, 1721043828.4181726, 1721043828.963627, 1721043829.5090816, 1721043830.054536, 1721043830.5999906, 1721043831.145445, 1721043831.6908998]
[1721043836.0515938, 1721043836.9087367, 1721043837.7658794, 1721043838.6230223, 1721043839.4801652, 1721043840.3373082, 1721043841.1944509, 1721043842.0515938, 1721043842.9087367, 1721043843.7658794, 1721043844.6230223, 1721043845.4801652, 1721043846.3373082, 1721043847.1944509, 1721043848.0515938, 1721043848.9087367, 1721043849.7658794, 1721043850.6230223, 1721043851.4801652, 1721043852.3373082, 1721043853.1944509]
[1721043861.2122202, 1721043861.878887, 1721043862.5455534, 1721043863.2122202, 1721043863.878887, 1721043864.5455534, 1721043865.2122202, 1721043865.878887, 1721043866.5455534, 1721043867.2122202, 1721043867.878887, 1721043868.5455534, 1721043869.2122202, 1721043869.878887, 1721043870.5455534, 1721043871.2122202, 1721043871.878887, 1721043872.5455534, 1721043873.2122202, 1721043873.878887, 1721043874.5455534]
[1721043879.182296, 1721043880.039439, 1721043880.8965816, 1721043881.7537246, 1721043882.6108675, 1721043883.4680104, 1721043884.325153, 1721043885.182296, 1721043886.039439, 1721043886.8965816, 1721043887.7537246, 1721043888.6108675, 1721043889.4680104, 1721043890.325153, 1721043891.182296, 1721043892.039439, 1721043892.8965816, 1721043893.7537246, 1721043894.6108675, 1721043895.4680104, 1721043896.325153]
[1721043900.2416866, 1721043900.787141, 1721043901.3325956, 1721043901.8780503, 1721043902.4235048, 1721043902.9689593, 1721043903.5144138, 1721043904.0598683, 1721043904.6053228, 1721043905.1507776, 1721043905.696232, 1721043906.2416866, 1721043906.787141, 1721043907.3325956, 1721043907.8780503, 1721043908.4235048, 1721043908.9689593, 1721043909.5144138, 1721043910.0598683, 1721043910.6053228, 1721043911.1507776]
[1721043915.5521877, 1721043916.2188544, 1721043916.885521, 1721043917.5521877, 1721043918.2188544, 1721043918.885521, 1721043919.5521877, 1721043920.2188544, 1721043920.885521, 1721043921.5521877, 1721043922.2188544, 1721043922.885521, 1721043923.5521877, 1721043924.2188544, 1721043924.885521, 1721043925.5521877, 1721043926.2188544, 1721043926.885521, 1721043927.5521877, 1721043928.2188544, 1721043928.885521]
