[1720701113.593108, 1720701114.2597747, 1720701114.9264412, 1720701115.593108, 1720701116.2597747, 1720701116.9264412, 1720701117.593108, 1720701118.2597747, 1720701118.9264412, 1720701119.593108, 1720701120.2597747, 1720701120.9264412, 1720701121.593108, 1720701122.2597747, 1720701122.9264412, 1720701123.593108, 1720701124.2597747, 1720701124.9264412, 1720701125.593108, 1720701126.2597747, 1720701126.9264412]
[1720701141.782903, 1720701142.640046, 1720701143.4971886, 1720701144.3543315, 1720701145.2114744, 1720701146.0686173, 1720701146.92576, 1720701147.782903, 1720701148.640046, 1720701149.4971886, 1720701150.3543315, 1720701151.2114744, 1720701152.0686173, 1720701152.92576, 1720701153.782903, 1720701154.640046, 1720701155.4971886, 1720701156.3543315, 1720701157.2114744, 1720701158.0686173, 1720701158.92576]
[1720701168.2427897, 1720701168.7882442, 1720701169.3336987, 1720701169.8791535, 1720701170.424608, 1720701170.9700625, 1720701171.515517, 1720701172.0609715, 1720701172.606426, 1720701173.1518807, 1720701173.6973352, 1720701174.2427897, 1720701174.7882442, 1720701175.3336987, 1720701175.8791535, 1720701176.424608, 1720701176.9700625, 1720701177.515517, 1720701178.0609715, 1720701178.606426, 1720701179.1518807]
[1720701183.682999, 1720701184.3496656, 1720701185.0163321, 1720701185.682999, 1720701186.3496656, 1720701187.0163321, 1720701187.682999, 1720701188.3496656, 1720701189.0163321, 1720701189.682999, 1720701190.3496656, 1720701191.0163321, 1720701191.682999, 1720701192.3496656, 1720701193.0163321, 1720701193.682999, 1720701194.3496656, 1720701195.0163321, 1720701195.682999, 1720701196.3496656, 1720701197.0163321]
[1720701201.3131347, 1720701201.8585892, 1720701202.4040437, 1720701202.9494984, 1720701203.494953, 1720701204.0404074, 1720701204.585862, 1720701205.1313164, 1720701205.676771, 1720701206.2222257, 1720701206.7676802, 1720701207.3131347, 1720701207.8585892, 1720701208.4040437, 1720701208.9494984, 1720701209.494953, 1720701210.0404074, 1720701210.585862, 1720701211.1313164, 1720701211.676771, 1720701212.2222257]
[1720701216.2732024, 1720701217.1303453, 1720701217.987488, 1720701218.844631, 1720701219.701774, 1720701220.5589168, 1720701221.4160595, 1720701222.2732024, 1720701223.1303453, 1720701223.987488, 1720701224.844631, 1720701225.701774, 1720701226.5589168, 1720701227.4160595, 1720701228.2732024, 1720701229.1303453, 1720701229.987488, 1720701230.844631, 1720701231.701774, 1720701232.5589168, 1720701233.4160595]
[1720701239.7230873, 1720701240.389754, 1720701241.0564206, 1720701241.7230873, 1720701242.389754, 1720701243.0564206, 1720701243.7230873, 1720701244.389754, 1720701245.0564206, 1720701245.7230873, 1720701246.389754, 1720701247.0564206, 1720701247.7230873, 1720701248.389754, 1720701249.0564206, 1720701249.7230873, 1720701250.389754, 1720701251.0564206, 1720701251.7230873, 1720701252.389754, 1720701253.0564206]
[1720701257.4032786, 1720701257.948733, 1720701258.4941876, 1720701259.0396423, 1720701259.5850968, 1720701260.1305513, 1720701260.6760058, 1720701261.2214603, 1720701261.7669148, 1720701262.3123696, 1720701262.857824, 1720701263.4032786, 1720701263.948733, 1720701264.4941876, 1720701265.0396423, 1720701265.5850968, 1720701266.1305513, 1720701266.6760058, 1720701267.2214603, 1720701267.7669148, 1720701268.3123696]
[1720701273.463107, 1720701274.1297739, 1720701274.7964404, 1720701275.463107, 1720701276.1297739, 1720701276.7964404, 1720701277.463107, 1720701278.1297739, 1720701278.7964404, 1720701279.463107, 1720701280.1297739, 1720701280.7964404, 1720701281.463107, 1720701282.1297739, 1720701282.7964404, 1720701283.463107, 1720701284.1297739, 1720701284.7964404, 1720701285.463107, 1720701286.1297739, 1720701286.7964404]
[1720701291.1631494, 1720701292.0202923, 1720701292.877435, 1720701293.734578, 1720701294.5917208, 1720701295.4488637, 1720701296.3060064, 1720701297.1631494, 1720701298.0202923, 1720701298.877435, 1720701299.734578, 1720701300.5917208, 1720701301.4488637, 1720701302.3060064, 1720701303.1631494, 1720701304.0202923, 1720701304.877435, 1720701305.734578, 1720701306.5917208, 1720701307.4488637, 1720701308.3060064]
[1720701313.3034446, 1720701313.9701114, 1720701314.6367779, 1720701315.3034446, 1720701315.9701114, 1720701316.6367779, 1720701317.3034446, 1720701317.9701114, 1720701318.6367779, 1720701319.3034446, 1720701319.9701114, 1720701320.6367779, 1720701321.3034446, 1720701321.9701114, 1720701322.6367779, 1720701323.3034446, 1720701323.9701114, 1720701324.6367779, 1720701325.3034446, 1720701325.9701114, 1720701326.6367779]
[1720701331.5933735, 1720701332.138828, 1720701332.6842825, 1720701333.2297373, 1720701333.7751918, 1720701334.3206463, 1720701334.8661008, 1720701335.4115553, 1720701335.9570098, 1720701336.5024645, 1720701337.047919, 1720701337.5933735, 1720701338.138828, 1720701338.6842825, 1720701339.2297373, 1720701339.7751918, 1720701340.3206463, 1720701340.8661008, 1720701341.4115553, 1720701341.9570098, 1720701342.5024645]
[1720701348.9826758, 1720701349.8398187, 1720701350.6969614, 1720701351.5541043, 1720701352.4112473, 1720701353.2683902, 1720701354.1255329, 1720701354.9826758, 1720701355.8398187, 1720701356.6969614, 1720701357.5541043, 1720701358.4112473, 1720701359.2683902, 1720701360.1255329, 1720701360.9826758, 1720701361.8398187, 1720701362.6969614, 1720701363.5541043, 1720701364.4112473, 1720701365.2683902, 1720701366.1255329]
[1720701370.303154, 1720701370.9698207, 1720701371.6364872, 1720701372.303154, 1720701372.9698207, 1720701373.6364872, 1720701374.303154, 1720701374.9698207, 1720701375.6364872, 1720701376.303154, 1720701376.9698207, 1720701377.6364872, 1720701378.303154, 1720701378.9698207, 1720701379.6364872, 1720701380.303154, 1720701380.9698207, 1720701381.6364872, 1720701382.303154, 1720701382.9698207, 1720701383.6364872]
[1720701388.3833942, 1720701388.9288487, 1720701389.4743032, 1720701390.019758, 1720701390.5652125, 1720701391.110667, 1720701391.6561215, 1720701392.201576, 1720701392.7470305, 1720701393.2924852, 1720701393.8379397, 1720701394.3833942, 1720701394.9288487, 1720701395.4743032, 1720701396.019758, 1720701396.5652125, 1720701397.110667, 1720701397.6561215, 1720701398.201576, 1720701398.7470305, 1720701399.2924852]
[1720701403.8025959, 1720701404.6597388, 1720701405.5168815, 1720701406.3740244, 1720701407.2311673, 1720701408.0883102, 1720701408.945453, 1720701409.8025959, 1720701410.6597388, 1720701411.5168815, 1720701412.3740244, 1720701413.2311673, 1720701414.0883102, 1720701414.945453, 1720701415.8025959, 1720701416.6597388, 1720701417.5168815, 1720701418.3740244, 1720701419.2311673, 1720701420.0883102, 1720701420.945453]
[1720701425.7234743, 1720701426.390141, 1720701427.0568075, 1720701427.7234743, 1720701428.390141, 1720701429.0568075, 1720701429.7234743, 1720701430.390141, 1720701431.0568075, 1720701431.7234743, 1720701432.390141, 1720701433.0568075, 1720701433.7234743, 1720701434.390141, 1720701435.0568075, 1720701435.7234743, 1720701436.390141, 1720701437.0568075, 1720701437.7234743, 1720701438.390141, 1720701439.0568075]
[1720701443.2933545, 1720701444.1504974, 1720701445.0076401, 1720701445.864783, 1720701446.721926, 1720701447.579069, 1720701448.4362116, 1720701449.2933545, 1720701450.1504974, 1720701451.0076401, 1720701451.864783, 1720701452.721926, 1720701453.579069, 1720701454.4362116, 1720701455.2933545, 1720701456.1504974, 1720701457.0076401, 1720701457.864783, 1720701458.721926, 1720701459.579069, 1720701460.4362116]
[1720701466.8125372, 1720701467.479204, 1720701468.1458704, 1720701468.8125372, 1720701469.479204, 1720701470.1458704, 1720701470.8125372, 1720701471.479204, 1720701472.1458704, 1720701472.8125372, 1720701473.479204, 1720701474.1458704, 1720701474.8125372, 1720701475.479204, 1720701476.1458704, 1720701476.8125372, 1720701477.479204, 1720701478.1458704, 1720701478.8125372, 1720701479.479204, 1720701480.1458704]
[1720701484.6529295, 1720701485.198384, 1720701485.7438385, 1720701486.2892933, 1720701486.8347478, 1720701487.3802023, 1720701487.9256568, 1720701488.4711113, 1720701489.0165658, 1720701489.5620205, 1720701490.107475, 1720701490.6529295, 1720701491.198384, 1720701491.7438385, 1720701492.2892933, 1720701492.8347478, 1720701493.3802023, 1720701493.9256568, 1720701494.4711113, 1720701495.0165658, 1720701495.5620205]
[1720701500.342547, 1720701501.1996899, 1720701502.0568326, 1720701502.9139755, 1720701503.7711184, 1720701504.6282613, 1720701505.485404, 1720701506.342547, 1720701507.1996899, 1720701508.0568326, 1720701508.9139755, 1720701509.7711184, 1720701510.6282613, 1720701511.485404, 1720701512.342547, 1720701513.1996899, 1720701514.0568326, 1720701514.9139755, 1720701515.7711184, 1720701516.6282613, 1720701517.485404]
[1720701523.8329778, 1720701524.4996445, 1720701525.166311, 1720701525.8329778, 1720701526.4996445, 1720701527.166311, 1720701527.8329778, 1720701528.4996445, 1720701529.166311, 1720701529.8329778, 1720701530.4996445, 1720701531.166311, 1720701531.8329778, 1720701532.4996445, 1720701533.166311, 1720701533.8329778, 1720701534.4996445, 1720701535.166311, 1720701535.8329778, 1720701536.4996445, 1720701537.166311]
[1720701542.1634734, 1720701543.0206163, 1720701543.877759, 1720701544.734902, 1720701545.5920448, 1720701546.4491878, 1720701547.3063304, 1720701548.1634734, 1720701549.0206163, 1720701549.877759, 1720701550.734902, 1720701551.5920448, 1720701552.4491878, 1720701553.3063304, 1720701554.1634734, 1720701555.0206163, 1720701555.877759, 1720701556.734902, 1720701557.5920448, 1720701558.4491878, 1720701559.3063304]
[1720701565.6332939, 1720701566.2999606, 1720701566.9666271, 1720701567.6332939, 1720701568.2999606, 1720701568.9666271, 1720701569.6332939, 1720701570.2999606, 1720701570.9666271, 1720701571.6332939, 1720701572.2999606, 1720701572.9666271, 1720701573.6332939, 1720701574.2999606, 1720701574.9666271, 1720701575.6332939, 1720701576.2999606, 1720701576.9666271, 1720701577.6332939, 1720701578.2999606, 1720701578.9666271]
[1720701583.9827156, 1720701584.8398585, 1720701585.6970012, 1720701586.5541441, 1720701587.411287, 1720701588.26843, 1720701589.1255727, 1720701589.9827156, 1720701590.8398585, 1720701591.6970012, 1720701592.5541441, 1720701593.411287, 1720701594.26843, 1720701595.1255727, 1720701595.9827156, 1720701596.8398585, 1720701597.6970012, 1720701598.5541441, 1720701599.411287, 1720701600.26843, 1720701601.1255727]
[1720701717.572663, 1720701718.1181176, 1720701718.663572, 1720701719.2090268, 1720701719.7544813, 1720701720.2999358, 1720701720.8453903, 1720701721.3908448, 1720701721.9362993, 1720701722.481754, 1720701723.0272086, 1720701723.572663, 1720701724.1181176, 1720701724.663572, 1720701725.2090268, 1720701725.7544813, 1720701726.2999358, 1720701726.8453903, 1720701727.3908448, 1720701727.9362993, 1720701728.481754]
