[1721914490.3883414, 1721914490.933796, 1721914491.4792504, 1721914492.0247052, 1721914492.5701597, 1721914493.1156142, 1721914493.6610687, 1721914494.2065232, 1721914494.7519777, 1721914495.2974324, 1721914495.842887, 1721914496.3883414, 1721914496.933796, 1721914497.4792504, 1721914498.0247052, 1721914498.5701597, 1721914499.1156142, 1721914499.6610687, 1721914500.2065232, 1721914500.7519777, 1721914501.2974324]
[1721914547.5284839, 1721914548.1951506, 1721914548.8618171, 1721914549.5284839, 1721914550.1951506, 1721914550.8618171, 1721914551.5284839, 1721914552.1951506, 1721914552.8618171, 1721914553.5284839, 1721914554.1951506, 1721914554.8618171, 1721914555.5284839, 1721914556.1951506, 1721914556.8618171, 1721914557.5284839, 1721914558.1951506, 1721914558.8618171, 1721914559.5284839, 1721914560.1951506, 1721914560.8618171]
[1721914610.9585874, 1721914611.504042, 1721914612.0494964, 1721914612.5949512, 1721914613.1404057, 1721914613.6858602, 1721914614.2313147, 1721914614.7767692, 1721914615.3222237, 1721914615.8676784, 1721914616.413133, 1721914616.9585874, 1721914617.504042, 1721914618.0494964, 1721914618.5949512, 1721914619.1404057, 1721914619.6858602, 1721914620.2313147, 1721914620.7767692, 1721914621.3222237, 1721914621.8676784]
[1721914628.828345, 1721914629.685488, 1721914630.5426307, 1721914631.3997736, 1721914632.2569165, 1721914633.1140594, 1721914633.9712021, 1721914634.828345, 1721914635.685488, 1721914636.5426307, 1721914637.3997736, 1721914638.2569165, 1721914639.1140594, 1721914639.9712021, 1721914640.828345, 1721914641.685488, 1721914642.5426307, 1721914643.3997736, 1721914644.2569165, 1721914645.1140594, 1721914645.9712021]
[1721914652.6482084, 1721914653.3148751, 1721914653.9815416, 1721914654.6482084, 1721914655.3148751, 1721914655.9815416, 1721914656.6482084, 1721914657.3148751, 1721914657.9815416, 1721914658.6482084, 1721914659.3148751, 1721914659.9815416, 1721914660.6482084, 1721914661.3148751, 1721914661.9815416, 1721914662.6482084, 1721914663.3148751, 1721914663.9815416, 1721914664.6482084, 1721914665.3148751, 1721914665.9815416]
[1721914690.5585175, 1721914691.4156604, 1721914692.272803, 1721914693.129946, 1721914693.987089, 1721914694.8442318, 1721914695.7013745, 1721914696.5585175, 1721914697.4156604, 1721914698.272803, 1721914699.129946, 1721914699.987089, 1721914700.8442318, 1721914701.7013745, 1721914702.5585175, 1721914703.4156604, 1721914704.272803, 1721914705.129946, 1721914705.987089, 1721914706.8442318, 1721914707.7013745]
[1721914720.4790967, 1721914721.1457634, 1721914721.81243, 1721914722.4790967, 1721914723.1457634, 1721914723.81243, 1721914724.4790967, 1721914725.1457634, 1721914725.81243, 1721914726.4790967, 1721914727.1457634, 1721914727.81243, 1721914728.4790967, 1721914729.1457634, 1721914729.81243, 1721914730.4790967, 1721914731.1457634, 1721914731.81243, 1721914732.4790967, 1721914733.1457634, 1721914733.81243]
[1721914740.170093, 1721914741.027236, 1721914741.8843787, 1721914742.7415216, 1721914743.5986645, 1721914744.4558074, 1721914745.3129501, 1721914746.170093, 1721914747.027236, 1721914747.8843787, 1721914748.7415216, 1721914749.5986645, 1721914750.4558074, 1721914751.3129501, 1721914752.170093, 1721914753.027236, 1721914753.8843787, 1721914754.7415216, 1721914755.5986645, 1721914756.4558074, 1721914757.3129501]
[1721914761.9390955, 1721914762.6057622, 1721914763.2724288, 1721914763.9390955, 1721914764.6057622, 1721914765.2724288, 1721914765.9390955, 1721914766.6057622, 1721914767.2724288, 1721914767.9390955, 1721914768.6057622, 1721914769.2724288, 1721914769.9390955, 1721914770.6057622, 1721914771.2724288, 1721914771.9390955, 1721914772.6057622, 1721914773.2724288, 1721914773.9390955, 1721914774.6057622, 1721914775.2724288]
[1721914779.4184403, 1721914779.9638948, 1721914780.5093493, 1721914781.054804, 1721914781.6002586, 1721914782.145713, 1721914782.6911676, 1721914783.236622, 1721914783.7820766, 1721914784.3275313, 1721914784.8729858, 1721914785.4184403, 1721914785.9638948, 1721914786.5093493, 1721914787.054804, 1721914787.6002586, 1721914788.145713, 1721914788.6911676, 1721914789.236622, 1721914789.7820766, 1721914790.3275313]
[1721914793.8982146, 1721914794.7553575, 1721914795.6125002, 1721914796.469643, 1721914797.326786, 1721914798.183929, 1721914799.0410717, 1721914799.8982146, 1721914800.7553575, 1721914801.6125002, 1721914802.469643, 1721914803.326786, 1721914804.183929, 1721914805.0410717, 1721914805.8982146, 1721914806.7553575, 1721914807.6125002, 1721914808.469643, 1721914809.326786, 1721914810.183929, 1721914811.0410717]
[1721914815.0988638, 1721914815.6443183, 1721914816.1897728, 1721914816.7352276, 1721914817.280682, 1721914817.8261366, 1721914818.371591, 1721914818.9170456, 1721914819.4625, 1721914820.0079548, 1721914820.5534093, 1721914821.0988638, 1721914821.6443183, 1721914822.1897728, 1721914822.7352276, 1721914823.280682, 1721914823.8261366, 1721914824.371591, 1721914824.9170456, 1721914825.4625, 1721914826.0079548]
[1721914830.1882262, 1721914830.854893, 1721914831.5215595, 1721914832.1882262, 1721914832.854893, 1721914833.5215595, 1721914834.1882262, 1721914834.854893, 1721914835.5215595, 1721914836.1882262, 1721914836.854893, 1721914837.5215595, 1721914838.1882262, 1721914838.854893, 1721914839.5215595, 1721914840.1882262, 1721914840.854893, 1721914841.5215595, 1721914842.1882262, 1721914842.854893, 1721914843.5215595]
[1721914847.4985445, 1721914848.3556874, 1721914849.21283, 1721914850.069973, 1721914850.927116, 1721914851.7842588, 1721914852.6414015, 1721914853.4985445, 1721914854.3556874, 1721914855.21283, 1721914856.069973, 1721914856.927116, 1721914857.7842588, 1721914858.6414015, 1721914859.4985445, 1721914860.3556874, 1721914861.21283, 1721914862.069973, 1721914862.927116, 1721914863.7842588, 1721914864.6414015]
[1721914868.9281979, 1721914869.4736524, 1721914870.0191069, 1721914870.5645616, 1721914871.110016, 1721914871.6554706, 1721914872.200925, 1721914872.7463796, 1721914873.291834, 1721914873.8372889, 1721914874.3827434, 1721914874.9281979, 1721914875.4736524, 1721914876.0191069, 1721914876.5645616, 1721914877.110016, 1721914877.6554706, 1721914878.200925, 1721914878.7463796, 1721914879.291834, 1721914879.8372889]
[1721914885.818181, 1721914886.675324, 1721914887.5324667, 1721914888.3896096, 1721914889.2467525, 1721914890.1038954, 1721914890.961038, 1721914891.818181, 1721914892.675324, 1721914893.5324667, 1721914894.3896096, 1721914895.2467525, 1721914896.1038954, 1721914896.961038, 1721914897.818181, 1721914898.675324, 1721914899.5324667, 1721914900.3896096, 1721914901.2467525, 1721914902.1038954, 1721914902.961038]
[1721914907.0887885, 1721914907.7554553, 1721914908.4221218, 1721914909.0887885, 1721914909.7554553, 1721914910.4221218, 1721914911.0887885, 1721914911.7554553, 1721914912.4221218, 1721914913.0887885, 1721914913.7554553, 1721914914.4221218, 1721914915.0887885, 1721914915.7554553, 1721914916.4221218, 1721914917.0887885, 1721914917.7554553, 1721914918.4221218, 1721914919.0887885, 1721914919.7554553, 1721914920.4221218]
[1721914924.9588716, 1721914925.8160145, 1721914926.6731572, 1721914927.5303001, 1721914928.387443, 1721914929.244586, 1721914930.1017287, 1721914930.9588716, 1721914931.8160145, 1721914932.6731572, 1721914933.5303001, 1721914934.387443, 1721914935.244586, 1721914936.1017287, 1721914936.9588716, 1721914937.8160145, 1721914938.6731572, 1721914939.5303001, 1721914940.387443, 1721914941.244586, 1721914942.1017287]
[1721914947.090226, 1721914947.7568927, 1721914948.4235592, 1721914949.090226, 1721914949.7568927, 1721914950.4235592, 1721914951.090226, 1721914951.7568927, 1721914952.4235592, 1721914953.090226, 1721914953.7568927, 1721914954.4235592, 1721914955.090226, 1721914955.7568927, 1721914956.4235592, 1721914957.090226, 1721914957.7568927, 1721914958.4235592, 1721914959.090226, 1721914959.7568927, 1721914960.4235592]
[1721914965.4082973, 1721914966.2654402, 1721914967.122583, 1721914967.9797258, 1721914968.8368688, 1721914969.6940117, 1721914970.5511544, 1721914971.4082973, 1721914972.2654402, 1721914973.122583, 1721914973.9797258, 1721914974.8368688, 1721914975.6940117, 1721914976.5511544, 1721914977.4082973, 1721914978.2654402, 1721914979.122583, 1721914979.9797258, 1721914980.8368688, 1721914981.6940117, 1721914982.5511544]
[1721914987.4390526, 1721914987.984507, 1721914988.5299616, 1721914989.0754163, 1721914989.6208708, 1721914990.1663253, 1721914990.7117798, 1721914991.2572343, 1721914991.8026888, 1721914992.3481436, 1721914992.893598, 1721914993.4390526, 1721914993.984507, 1721914994.5299616, 1721914995.0754163, 1721914995.6208708, 1721914996.1663253, 1721914996.7117798, 1721914997.2572343, 1721914997.8026888, 1721914998.3481436]
[1721915003.1188378, 1721915003.7855046, 1721915004.452171, 1721915005.1188378, 1721915005.7855046, 1721915006.452171, 1721915007.1188378, 1721915007.7855046, 1721915008.452171, 1721915009.1188378, 1721915009.7855046, 1721915010.452171, 1721915011.1188378, 1721915011.7855046, 1721915012.452171, 1721915013.1188378, 1721915013.7855046, 1721915014.452171, 1721915015.1188378, 1721915015.7855046, 1721915016.452171]
[1721915020.3584096, 1721915020.9038641, 1721915021.4493186, 1721915021.9947734, 1721915022.540228, 1721915023.0856824, 1721915023.631137, 1721915024.1765914, 1721915024.722046, 1721915025.2675006, 1721915025.8129551, 1721915026.3584096, 1721915026.9038641, 1721915027.4493186, 1721915027.9947734, 1721915028.540228, 1721915029.0856824, 1721915029.631137, 1721915030.1765914, 1721915030.722046, 1721915031.2675006]
[1721915035.1686432, 1721915036.0257862, 1721915036.8829288, 1721915037.7400718, 1721915038.5972147, 1721915039.4543576, 1721915040.3115003, 1721915041.1686432, 1721915042.0257862, 1721915042.8829288, 1721915043.7400718, 1721915044.5972147, 1721915045.4543576, 1721915046.3115003, 1721915047.1686432, 1721915048.0257862, 1721915048.8829288, 1721915049.7400718, 1721915050.5972147, 1721915051.4543576, 1721915052.3115003]
[1721915056.3387432, 1721915056.8841977, 1721915057.4296522, 1721915057.975107, 1721915058.5205615, 1721915059.066016, 1721915059.6114705, 1721915060.156925, 1721915060.7023795, 1721915061.2478342, 1721915061.7932887, 1721915062.3387432, 1721915062.8841977, 1721915063.4296522, 1721915063.975107, 1721915064.5205615, 1721915065.066016, 1721915065.6114705, 1721915066.156925, 1721915066.7023795, 1721915067.2478342]
[1721915075.8881793, 1721915076.554846, 1721915077.2215126, 1721915077.8881793, 1721915078.554846, 1721915079.2215126, 1721915079.8881793, 1721915080.554846, 1721915081.2215126, 1721915081.8881793, 1721915082.554846, 1721915083.2215126, 1721915083.8881793, 1721915084.554846, 1721915085.2215126, 1721915085.8881793, 1721915086.554846, 1721915087.2215126, 1721915087.8881793, 1721915088.554846, 1721915089.2215126]
