[1721121820.5455825, 1721121821.091037, 1721121821.6364915, 1721121822.1819463, 1721121822.7274008, 1721121823.2728553, 1721121823.8183098, 1721121824.3637643, 1721121824.9092188, 1721121825.4546735, 1721121826.000128, 1721121826.5455825, 1721121827.091037, 1721121827.6364915, 1721121828.1819463, 1721121828.7274008, 1721121829.2728553, 1721121829.8183098, 1721121830.3637643, 1721121830.9092188, 1721121831.4546735]
[1721121878.9861763, 1721121879.652843, 1721121880.3195095, 1721121880.9861763, 1721121881.652843, 1721121882.3195095, 1721121882.9861763, 1721121883.652843, 1721121884.3195095, 1721121884.9861763, 1721121885.652843, 1721121886.3195095, 1721121886.9861763, 1721121887.652843, 1721121888.3195095, 1721121888.9861763, 1721121889.652843, 1721121890.3195095, 1721121890.9861763, 1721121891.652843, 1721121892.3195095]
[1721121898.9162183, 1721121899.4616728, 1721121900.0071273, 1721121900.552582, 1721121901.0980365, 1721121901.643491, 1721121902.1889455, 1721121902.7344, 1721121903.2798545, 1721121903.8253093, 1721121904.3707638, 1721121904.9162183, 1721121905.4616728, 1721121906.0071273, 1721121906.552582, 1721121907.0980365, 1721121907.643491, 1721121908.1889455, 1721121908.7344, 1721121909.2798545, 1721121909.8253093]
[1721121943.5658524, 1721121944.4229953, 1721121945.280138, 1721121946.137281, 1721121946.9944239, 1721121947.8515668, 1721121948.7087095, 1721121949.5658524, 1721121950.4229953, 1721121951.280138, 1721121952.137281, 1721121952.9944239, 1721121953.8515668, 1721121954.7087095, 1721121955.5658524, 1721121956.4229953, 1721121957.280138, 1721121958.137281, 1721121958.9944239, 1721121959.8515668, 1721121960.7087095]
[1721121978.8868623, 1721121979.553529, 1721121980.2201955, 1721121980.8868623, 1721121981.553529, 1721121982.2201955, 1721121982.8868623, 1721121983.553529, 1721121984.2201955, 1721121984.8868623, 1721121985.553529, 1721121986.2201955, 1721121986.8868623, 1721121987.553529, 1721121988.2201955, 1721121988.8868623, 1721121989.553529, 1721121990.2201955, 1721121990.8868623, 1721121991.553529, 1721121992.2201955]
[1721121998.2557774, 1721121999.1129203, 1721121999.970063, 1721122000.827206, 1721122001.6843488, 1721122002.5414917, 1721122003.3986344, 1721122004.2557774, 1721122005.1129203, 1721122005.970063, 1721122006.827206, 1721122007.6843488, 1721122008.5414917, 1721122009.3986344, 1721122010.2557774, 1721122011.1129203, 1721122011.970063, 1721122012.827206, 1721122013.6843488, 1721122014.5414917, 1721122015.3986344]
[1721122019.8955555, 1721122020.5622222, 1721122021.2288888, 1721122021.8955555, 1721122022.5622222, 1721122023.2288888, 1721122023.8955555, 1721122024.5622222, 1721122025.2288888, 1721122025.8955555, 1721122026.5622222, 1721122027.2288888, 1721122027.8955555, 1721122028.5622222, 1721122029.2288888, 1721122029.8955555, 1721122030.5622222, 1721122031.2288888, 1721122031.8955555, 1721122032.5622222, 1721122033.2288888]
[1721122037.5472965, 1721122038.092751, 1721122038.6382055, 1721122039.1836603, 1721122039.7291148, 1721122040.2745693, 1721122040.8200238, 1721122041.3654783, 1721122041.9109328, 1721122042.4563875, 1721122043.001842, 1721122043.5472965, 1721122044.092751, 1721122044.6382055, 1721122045.1836603, 1721122045.7291148, 1721122046.2745693, 1721122046.8200238, 1721122047.3654783, 1721122047.9109328, 1721122048.4563875]
[1721122052.355671, 1721122053.2128139, 1721122054.0699565, 1721122054.9270995, 1721122055.7842424, 1721122056.6413853, 1721122057.498528, 1721122058.355671, 1721122059.2128139, 1721122060.0699565, 1721122060.9270995, 1721122061.7842424, 1721122062.6413853, 1721122063.498528, 1721122064.355671, 1721122065.2128139, 1721122066.0699565, 1721122066.9270995, 1721122067.7842424, 1721122068.6413853, 1721122069.498528]
[1721122074.7460506, 1721122075.4127173, 1721122076.0793839, 1721122076.7460506, 1721122077.4127173, 1721122078.0793839, 1721122078.7460506, 1721122079.4127173, 1721122080.0793839, 1721122080.7460506, 1721122081.4127173, 1721122082.0793839, 1721122082.7460506, 1721122083.4127173, 1721122084.0793839, 1721122084.7460506, 1721122085.4127173, 1721122086.0793839, 1721122086.7460506, 1721122087.4127173, 1721122088.0793839]
[1721122097.4158318, 1721122098.2729747, 1721122099.1301174, 1721122099.9872603, 1721122100.8444033, 1721122101.7015462, 1721122102.5586889, 1721122103.4158318, 1721122104.2729747, 1721122105.1301174, 1721122105.9872603, 1721122106.8444033, 1721122107.7015462, 1721122108.5586889, 1721122109.4158318, 1721122110.2729747, 1721122111.1301174, 1721122111.9872603, 1721122112.8444033, 1721122113.7015462, 1721122114.5586889]
[1721122119.8664887, 1721122120.5331554, 1721122121.199822, 1721122121.8664887, 1721122122.5331554, 1721122123.199822, 1721122123.8664887, 1721122124.5331554, 1721122125.199822, 1721122125.8664887, 1721122126.5331554, 1721122127.199822, 1721122127.8664887, 1721122128.5331554, 1721122129.199822, 1721122129.8664887, 1721122130.5331554, 1721122131.199822, 1721122131.8664887, 1721122132.5331554, 1721122133.199822]
[1721122141.0563276, 1721122141.9134705, 1721122142.7706132, 1721122143.627756, 1721122144.484899, 1721122145.342042, 1721122146.1991847, 1721122147.0563276, 1721122147.9134705, 1721122148.7706132, 1721122149.627756, 1721122150.484899, 1721122151.342042, 1721122152.1991847, 1721122153.0563276, 1721122153.9134705, 1721122154.7706132, 1721122155.627756, 1721122156.484899, 1721122157.342042, 1721122158.1991847]
[1721122162.536173, 1721122163.2028399, 1721122163.8695064, 1721122164.536173, 1721122165.2028399, 1721122165.8695064, 1721122166.536173, 1721122167.2028399, 1721122167.8695064, 1721122168.536173, 1721122169.2028399, 1721122169.8695064, 1721122170.536173, 1721122171.2028399, 1721122171.8695064, 1721122172.536173, 1721122173.2028399, 1721122173.8695064, 1721122174.536173, 1721122175.2028399, 1721122175.8695064]
[1721122180.3263845, 1721122181.1835275, 1721122182.0406702, 1721122182.897813, 1721122183.754956, 1721122184.612099, 1721122185.4692416, 1721122186.3263845, 1721122187.1835275, 1721122188.0406702, 1721122188.897813, 1721122189.754956, 1721122190.612099, 1721122191.4692416, 1721122192.3263845, 1721122193.1835275, 1721122194.0406702, 1721122194.897813, 1721122195.754956, 1721122196.612099, 1721122197.4692416]
[1721122202.045643, 1721122202.7123098, 1721122203.3789763, 1721122204.045643, 1721122204.7123098, 1721122205.3789763, 1721122206.045643, 1721122206.7123098, 1721122207.3789763, 1721122208.045643, 1721122208.7123098, 1721122209.3789763, 1721122210.045643, 1721122210.7123098, 1721122211.3789763, 1721122212.045643, 1721122212.7123098, 1721122213.3789763, 1721122214.045643, 1721122214.7123098, 1721122215.3789763]
[1721122221.6461222, 1721122222.1915767, 1721122222.7370312, 1721122223.282486, 1721122223.8279405, 1721122224.373395, 1721122224.9188495, 1721122225.464304, 1721122226.0097585, 1721122226.5552132, 1721122227.1006677, 1721122227.6461222, 1721122228.1915767, 1721122228.7370312, 1721122229.282486, 1721122229.8279405, 1721122230.373395, 1721122230.9188495, 1721122231.464304, 1721122232.0097585, 1721122232.5552132]
[1721122251.9464853, 1721122252.613152, 1721122253.2798185, 1721122253.9464853, 1721122254.613152, 1721122255.2798185, 1721122255.9464853, 1721122256.613152, 1721122257.2798185, 1721122257.9464853, 1721122258.613152, 1721122259.2798185, 1721122259.9464853, 1721122260.613152, 1721122261.2798185, 1721122261.9464853, 1721122262.613152, 1721122263.2798185, 1721122263.9464853, 1721122264.613152, 1721122265.2798185]
[1721122269.9059634, 1721122270.7631063, 1721122271.620249, 1721122272.477392, 1721122273.334535, 1721122274.1916778, 1721122275.0488205, 1721122275.9059634, 1721122276.7631063, 1721122277.620249, 1721122278.477392, 1721122279.334535, 1721122280.1916778, 1721122281.0488205, 1721122281.9059634, 1721122282.7631063, 1721122283.620249, 1721122284.477392, 1721122285.334535, 1721122286.1916778, 1721122287.0488205]
[1721122291.8357532, 1721122292.50242, 1721122293.1690865, 1721122293.8357532, 1721122294.50242, 1721122295.1690865, 1721122295.8357532, 1721122296.50242, 1721122297.1690865, 1721122297.8357532, 1721122298.50242, 1721122299.1690865, 1721122299.8357532, 1721122300.50242, 1721122301.1690865, 1721122301.8357532, 1721122302.50242, 1721122303.1690865, 1721122303.8357532, 1721122304.50242, 1721122305.1690865]
[1721122309.985906, 1721122310.5313604, 1721122311.076815, 1721122311.6222696, 1721122312.1677241, 1721122312.7131786, 1721122313.2586331, 1721122313.8040876, 1721122314.3495421, 1721122314.894997, 1721122315.4404514, 1721122315.985906, 1721122316.5313604, 1721122317.076815, 1721122317.6222696, 1721122318.1677241, 1721122318.7131786, 1721122319.2586331, 1721122319.8040876, 1721122320.3495421, 1721122320.894997]
[1721122340.42552, 1721122341.2826629, 1721122342.1398056, 1721122342.9969485, 1721122343.8540914, 1721122344.7112343, 1721122345.568377, 1721122346.42552, 1721122347.2826629, 1721122348.1398056, 1721122348.9969485, 1721122349.8540914, 1721122350.7112343, 1721122351.568377, 1721122352.42552, 1721122353.2826629, 1721122354.1398056, 1721122354.9969485, 1721122355.8540914, 1721122356.7112343, 1721122357.568377]
[1721122361.5755546, 1721122362.121009, 1721122362.6664636, 1721122363.2119184, 1721122363.7573729, 1721122364.3028274, 1721122364.8482819, 1721122365.3937364, 1721122365.9391909, 1721122366.4846456, 1721122367.0301, 1721122367.5755546, 1721122368.121009, 1721122368.6664636, 1721122369.2119184, 1721122369.7573729, 1721122370.3028274, 1721122370.8482819, 1721122371.3937364, 1721122371.9391909, 1721122372.4846456]
[1721122375.8457618, 1721122376.7029047, 1721122377.5600474, 1721122378.4171903, 1721122379.2743332, 1721122380.1314762, 1721122380.9886189, 1721122381.8457618, 1721122382.7029047, 1721122383.5600474, 1721122384.4171903, 1721122385.2743332, 1721122386.1314762, 1721122386.9886189, 1721122387.8457618, 1721122388.7029047, 1721122389.5600474, 1721122390.4171903, 1721122391.2743332, 1721122392.1314762, 1721122392.9886189]
[1721122397.0963943, 1721122397.6418488, 1721122398.1873033, 1721122398.732758, 1721122399.2782125, 1721122399.823667, 1721122400.3691216, 1721122400.914576, 1721122401.4600306, 1721122402.0054853, 1721122402.5509398, 1721122403.0963943, 1721122403.6418488, 1721122404.1873033, 1721122404.732758, 1721122405.2782125, 1721122405.823667, 1721122406.3691216, 1721122406.914576, 1721122407.4600306, 1721122408.0054853]
[1721122415.5962124, 1721122416.2628791, 1721122416.9295456, 1721122417.5962124, 1721122418.2628791, 1721122418.9295456, 1721122419.5962124, 1721122420.2628791, 1721122420.9295456, 1721122421.5962124, 1721122422.2628791, 1721122422.9295456, 1721122423.5962124, 1721122424.2628791, 1721122424.9295456, 1721122425.5962124, 1721122426.2628791, 1721122426.9295456, 1721122427.5962124, 1721122428.2628791, 1721122428.9295456]
