[1721656663.2419348, 1721656663.9086015, 1721656664.575268, 1721656665.2419348, 1721656665.9086015, 1721656666.575268, 1721656667.2419348, 1721656667.9086015, 1721656668.575268, 1721656669.2419348, 1721656669.9086015, 1721656670.575268, 1721656671.2419348, 1721656671.9086015, 1721656672.575268, 1721656673.2419348, 1721656673.9086015, 1721656674.575268, 1721656675.2419348, 1721656675.9086015, 1721656676.575268]
[1721656689.3213599, 1721656690.1785028, 1721656691.0356455, 1721656691.8927884, 1721656692.7499313, 1721656693.6070743, 1721656694.464217, 1721656695.3213599, 1721656696.1785028, 1721656697.0356455, 1721656697.8927884, 1721656698.7499313, 1721656699.6070743, 1721656700.464217, 1721656701.3213599, 1721656702.1785028, 1721656703.0356455, 1721656703.8927884, 1721656704.7499313, 1721656705.6070743, 1721656706.464217]
[1721656710.5015888, 1721656711.0470433, 1721656711.5924978, 1721656712.1379526, 1721656712.683407, 1721656713.2288616, 1721656713.774316, 1721656714.3197706, 1721656714.865225, 1721656715.4106798, 1721656715.9561343, 1721656716.5015888, 1721656717.0470433, 1721656717.5924978, 1721656718.1379526, 1721656718.683407, 1721656719.2288616, 1721656719.774316, 1721656720.3197706, 1721656720.865225, 1721656721.4106798]
[1721656724.7918386, 1721656725.6489816, 1721656726.5061243, 1721656727.3632672, 1721656728.22041, 1721656729.077553, 1721656729.9346957, 1721656730.7918386, 1721656731.6489816, 1721656732.5061243, 1721656733.3632672, 1721656734.22041, 1721656735.077553, 1721656735.9346957, 1721656736.7918386, 1721656737.6489816, 1721656738.5061243, 1721656739.3632672, 1721656740.22041, 1721656741.077553, 1721656741.9346957]
[1721656745.5520403, 1721656746.218707, 1721656746.8853736, 1721656747.5520403, 1721656748.218707, 1721656748.8853736, 1721656749.5520403, 1721656750.218707, 1721656750.8853736, 1721656751.5520403, 1721656752.218707, 1721656752.8853736, 1721656753.5520403, 1721656754.218707, 1721656754.8853736, 1721656755.5520403, 1721656756.218707, 1721656756.8853736, 1721656757.5520403, 1721656758.218707, 1721656758.8853736]
[1721656762.3413124, 1721656763.1984553, 1721656764.055598, 1721656764.912741, 1721656765.7698839, 1721656766.6270268, 1721656767.4841695, 1721656768.3413124, 1721656769.1984553, 1721656770.055598, 1721656770.912741, 1721656771.7698839, 1721656772.6270268, 1721656773.4841695, 1721656774.3413124, 1721656775.1984553, 1721656776.055598, 1721656776.912741, 1721656777.7698839, 1721656778.6270268, 1721656779.4841695]
[1721656783.2618382, 1721656783.928505, 1721656784.5951715, 1721656785.2618382, 1721656785.928505, 1721656786.5951715, 1721656787.2618382, 1721656787.928505, 1721656788.5951715, 1721656789.2618382, 1721656789.928505, 1721656790.5951715, 1721656791.2618382, 1721656791.928505, 1721656792.5951715, 1721656793.2618382, 1721656793.928505, 1721656794.5951715, 1721656795.2618382, 1721656795.928505, 1721656796.5951715]
[1721656800.0417118, 1721656800.5871663, 1721656801.1326208, 1721656801.6780756, 1721656802.22353, 1721656802.7689846, 1721656803.314439, 1721656803.8598936, 1721656804.405348, 1721656804.9508028, 1721656805.4962573, 1721656806.0417118, 1721656806.5871663, 1721656807.1326208, 1721656807.6780756, 1721656808.22353, 1721656808.7689846, 1721656809.314439, 1721656809.8598936, 1721656810.405348, 1721656810.9508028]
[1721656822.0413315, 1721656822.7079983, 1721656823.3746648, 1721656824.0413315, 1721656824.7079983, 1721656825.3746648, 1721656826.0413315, 1721656826.7079983, 1721656827.3746648, 1721656828.0413315, 1721656828.7079983, 1721656829.3746648, 1721656830.0413315, 1721656830.7079983, 1721656831.3746648, 1721656832.0413315, 1721656832.7079983, 1721656833.3746648, 1721656834.0413315, 1721656834.7079983, 1721656835.3746648]
[1721656839.42181, 1721656840.2789528, 1721656841.1360955, 1721656841.9932384, 1721656842.8503814, 1721656843.7075243, 1721656844.564667, 1721656845.42181, 1721656846.2789528, 1721656847.1360955, 1721656847.9932384, 1721656848.8503814, 1721656849.7075243, 1721656850.564667, 1721656851.42181, 1721656852.2789528, 1721656853.1360955, 1721656853.9932384, 1721656854.8503814, 1721656855.7075243, 1721656856.564667]
[1721656860.2714703, 1721656860.8169248, 1721656861.3623793, 1721656861.907834, 1721656862.4532886, 1721656862.998743, 1721656863.5441976, 1721656864.089652, 1721656864.6351066, 1721656865.1805613, 1721656865.7260158, 1721656866.2714703, 1721656866.8169248, 1721656867.3623793, 1721656867.907834, 1721656868.4532886, 1721656868.998743, 1721656869.5441976, 1721656870.089652, 1721656870.6351066, 1721656871.1805613]
[1721656875.3212898, 1721656875.9879565, 1721656876.654623, 1721656877.3212898, 1721656877.9879565, 1721656878.654623, 1721656879.3212898, 1721656879.9879565, 1721656880.654623, 1721656881.3212898, 1721656881.9879565, 1721656882.654623, 1721656883.3212898, 1721656883.9879565, 1721656884.654623, 1721656885.3212898, 1721656885.9879565, 1721656886.654623, 1721656887.3212898, 1721656887.9879565, 1721656888.654623]
[1721656894.5813203, 1721656895.4384632, 1721656896.295606, 1721656897.1527488, 1721656898.0098917, 1721656898.8670347, 1721656899.7241774, 1721656900.5813203, 1721656901.4384632, 1721656902.295606, 1721656903.1527488, 1721656904.0098917, 1721656904.8670347, 1721656905.7241774, 1721656906.5813203, 1721656907.4384632, 1721656908.295606, 1721656909.1527488, 1721656910.0098917, 1721656910.8670347, 1721656911.7241774]
[1721656915.3122754, 1721656915.9789422, 1721656916.6456087, 1721656917.3122754, 1721656917.9789422, 1721656918.6456087, 1721656919.3122754, 1721656919.9789422, 1721656920.6456087, 1721656921.3122754, 1721656921.9789422, 1721656922.6456087, 1721656923.3122754, 1721656923.9789422, 1721656924.6456087, 1721656925.3122754, 1721656925.9789422, 1721656926.6456087, 1721656927.3122754, 1721656927.9789422, 1721656928.6456087]
[1721656934.6517053, 1721656935.1971598, 1721656935.7426143, 1721656936.288069, 1721656936.8335235, 1721656937.378978, 1721656937.9244325, 1721656938.469887, 1721656939.0153415, 1721656939.5607963, 1721656940.1062508, 1721656940.6517053, 1721656941.1971598, 1721656941.7426143, 1721656942.288069, 1721656942.8335235, 1721656943.378978, 1721656943.9244325, 1721656944.469887, 1721656945.0153415, 1721656945.5607963]
[1721656986.9913454, 1721656987.8484883, 1721656988.705631, 1721656989.562774, 1721656990.4199169, 1721656991.2770598, 1721656992.1342025, 1721656992.9913454, 1721656993.8484883, 1721656994.705631, 1721656995.562774, 1721656996.4199169, 1721656997.2770598, 1721656998.1342025, 1721656998.9913454, 1721656999.8484883, 1721657000.705631, 1721657001.562774, 1721657002.4199169, 1721657003.2770598, 1721657004.1342025]
[1721657007.7319133, 1721657008.2773678, 1721657008.8228223, 1721657009.368277, 1721657009.9137316, 1721657010.459186, 1721657011.0046406, 1721657011.550095, 1721657012.0955496, 1721657012.6410043, 1721657013.1864588, 1721657013.7319133, 1721657014.2773678, 1721657014.8228223, 1721657015.368277, 1721657015.9137316, 1721657016.459186, 1721657017.0046406, 1721657017.550095, 1721657018.0955496, 1721657018.6410043]
[1721657022.2313373, 1721657022.898004, 1721657023.5646706, 1721657024.2313373, 1721657024.898004, 1721657025.5646706, 1721657026.2313373, 1721657026.898004, 1721657027.5646706, 1721657028.2313373, 1721657028.898004, 1721657029.5646706, 1721657030.2313373, 1721657030.898004, 1721657031.5646706, 1721657032.2313373, 1721657032.898004, 1721657033.5646706, 1721657034.2313373, 1721657034.898004, 1721657035.5646706]
[1721657041.4520998, 1721657042.3092427, 1721657043.1663854, 1721657044.0235283, 1721657044.8806713, 1721657045.7378142, 1721657046.5949569, 1721657047.4520998, 1721657048.3092427, 1721657049.1663854, 1721657050.0235283, 1721657050.8806713, 1721657051.7378142, 1721657052.5949569, 1721657053.4520998, 1721657054.3092427, 1721657055.1663854, 1721657056.0235283, 1721657056.8806713, 1721657057.7378142, 1721657058.5949569]
[1721657062.281599, 1721657062.8270535, 1721657063.372508, 1721657063.9179628, 1721657064.4634173, 1721657065.0088718, 1721657065.5543263, 1721657066.0997808, 1721657066.6452353, 1721657067.19069, 1721657067.7361445, 1721657068.281599, 1721657068.8270535, 1721657069.372508, 1721657069.9179628, 1721657070.4634173, 1721657071.0088718, 1721657071.5543263, 1721657072.0997808, 1721657072.6452353, 1721657073.19069]
[1721657077.0219274, 1721657077.8790703, 1721657078.736213, 1721657079.593356, 1721657080.4504988, 1721657081.3076417, 1721657082.1647844, 1721657083.0219274, 1721657083.8790703, 1721657084.736213, 1721657085.593356, 1721657086.4504988, 1721657087.3076417, 1721657088.1647844, 1721657089.0219274, 1721657089.8790703, 1721657090.736213, 1721657091.593356, 1721657092.4504988, 1721657093.3076417, 1721657094.1647844]
[1721657098.1722634, 1721657098.717718, 1721657099.2631724, 1721657099.8086271, 1721657100.3540816, 1721657100.8995361, 1721657101.4449906, 1721657101.9904451, 1721657102.5358996, 1721657103.0813544, 1721657103.626809, 1721657104.1722634, 1721657104.717718, 1721657105.2631724, 1721657105.8086271, 1721657106.3540816, 1721657106.8995361, 1721657107.4449906, 1721657107.9904451, 1721657108.5358996, 1721657109.0813544]
[1721657113.32196, 1721657113.9886267, 1721657114.6552932, 1721657115.32196, 1721657115.9886267, 1721657116.6552932, 1721657117.32196, 1721657117.9886267, 1721657118.6552932, 1721657119.32196, 1721657119.9886267, 1721657120.6552932, 1721657121.32196, 1721657121.9886267, 1721657122.6552932, 1721657123.32196, 1721657123.9886267, 1721657124.6552932, 1721657125.32196, 1721657125.9886267, 1721657126.6552932]
[1721657130.42135, 1721657131.278493, 1721657132.1356356, 1721657132.9927785, 1721657133.8499215, 1721657134.7070644, 1721657135.564207, 1721657136.42135, 1721657137.278493, 1721657138.1356356, 1721657138.9927785, 1721657139.8499215, 1721657140.7070644, 1721657141.564207, 1721657142.42135, 1721657143.278493, 1721657144.1356356, 1721657144.9927785, 1721657145.8499215, 1721657146.7070644, 1721657147.564207]
[1721657151.8415062, 1721657152.3869607, 1721657152.9324152, 1721657153.47787, 1721657154.0233245, 1721657154.568779, 1721657155.1142335, 1721657155.659688, 1721657156.2051425, 1721657156.7505972, 1721657157.2960517, 1721657157.8415062, 1721657158.3869607, 1721657158.9324152, 1721657159.47787, 1721657160.0233245, 1721657160.568779, 1721657161.1142335, 1721657161.659688, 1721657162.2051425, 1721657162.7505972]
[1721657173.592187, 1721657174.4493299, 1721657175.3064725, 1721657176.1636155, 1721657177.0207584, 1721657177.8779013, 1721657178.735044, 1721657179.592187, 1721657180.4493299, 1721657181.3064725, 1721657182.1636155, 1721657183.0207584, 1721657183.8779013, 1721657184.735044, 1721657185.592187, 1721657186.4493299, 1721657187.3064725, 1721657188.1636155, 1721657189.0207584, 1721657189.8779013, 1721657190.735044]
