[1720788795.2325783, 1720788796.0897212, 1720788796.946864, 1720788797.8040068, 1720788798.6611497, 1720788799.5182927, 1720788800.3754354, 1720788801.2325783, 1720788802.0897212, 1720788802.946864, 1720788803.8040068, 1720788804.6611497, 1720788805.5182927, 1720788806.3754354, 1720788807.2325783, 1720788808.0897212, 1720788808.946864, 1720788809.8040068, 1720788810.6611497, 1720788811.5182927, 1720788812.3754354]
[1720788854.772723, 1720788855.4393897, 1720788856.1060562, 1720788856.772723, 1720788857.4393897, 1720788858.1060562, 1720788858.772723, 1720788859.4393897, 1720788860.1060562, 1720788860.772723, 1720788861.4393897, 1720788862.1060562, 1720788862.772723, 1720788863.4393897, 1720788864.1060562, 1720788864.772723, 1720788865.4393897, 1720788866.1060562, 1720788866.772723, 1720788867.4393897, 1720788868.1060562]
[1720788879.5735738, 1720788880.1190283, 1720788880.6644828, 1720788881.2099376, 1720788881.755392, 1720788882.3008466, 1720788882.846301, 1720788883.3917556, 1720788883.93721, 1720788884.4826648, 1720788885.0281193, 1720788885.5735738, 1720788886.1190283, 1720788886.6644828, 1720788887.2099376, 1720788887.755392, 1720788888.3008466, 1720788888.846301, 1720788889.3917556, 1720788889.93721, 1720788890.4826648]
[1720788930.9844024, 1720788931.8415453, 1720788932.698688, 1720788933.555831, 1720788934.4129739, 1720788935.2701168, 1720788936.1272595, 1720788936.9844024, 1720788937.8415453, 1720788938.698688, 1720788939.555831, 1720788940.4129739, 1720788941.2701168, 1720788942.1272595, 1720788942.9844024, 1720788943.8415453, 1720788944.698688, 1720788945.555831, 1720788946.4129739, 1720788947.2701168, 1720788948.1272595]
[1720788955.842753, 1720788956.3882074, 1720788956.933662, 1720788957.4791167, 1720788958.0245712, 1720788958.5700257, 1720788959.1154802, 1720788959.6609347, 1720788960.2063892, 1720788960.751844, 1720788961.2972984, 1720788961.842753, 1720788962.3882074, 1720788962.933662, 1720788963.4791167, 1720788964.0245712, 1720788964.5700257, 1720788965.1154802, 1720788965.6609347, 1720788966.2063892, 1720788966.751844]
[1720788975.5829194, 1720788976.249586, 1720788976.9162526, 1720788977.5829194, 1720788978.249586, 1720788978.9162526, 1720788979.5829194, 1720788980.249586, 1720788980.9162526, 1720788981.5829194, 1720788982.249586, 1720788982.9162526, 1720788983.5829194, 1720788984.249586, 1720788984.9162526, 1720788985.5829194, 1720788986.249586, 1720788986.9162526, 1720788987.5829194, 1720788988.249586, 1720788988.9162526]
[1720788999.2934127, 1720789000.1505556, 1720789001.0076983, 1720789001.8648412, 1720789002.7219841, 1720789003.579127, 1720789004.4362698, 1720789005.2934127, 1720789006.1505556, 1720789007.0076983, 1720789007.8648412, 1720789008.7219841, 1720789009.579127, 1720789010.4362698, 1720789011.2934127, 1720789012.1505556, 1720789013.0076983, 1720789013.8648412, 1720789014.7219841, 1720789015.579127, 1720789016.4362698]
[1720789067.1333907, 1720789067.6788452, 1720789068.2242997, 1720789068.7697544, 1720789069.315209, 1720789069.8606634, 1720789070.406118, 1720789070.9515724, 1720789071.497027, 1720789072.0424817, 1720789072.5879362, 1720789073.1333907, 1720789073.6788452, 1720789074.2242997, 1720789074.7697544, 1720789075.315209, 1720789075.8606634, 1720789076.406118, 1720789076.9515724, 1720789077.497027, 1720789078.0424817]
[1720789085.8829494, 1720789086.549616, 1720789087.2162826, 1720789087.8829494, 1720789088.549616, 1720789089.2162826, 1720789089.8829494, 1720789090.549616, 1720789091.2162826, 1720789091.8829494, 1720789092.549616, 1720789093.2162826, 1720789093.8829494, 1720789094.549616, 1720789095.2162826, 1720789095.8829494, 1720789096.549616, 1720789097.2162826, 1720789097.8829494, 1720789098.549616, 1720789099.2162826]
[1720789111.1027937, 1720789111.9599366, 1720789112.8170793, 1720789113.6742222, 1720789114.5313652, 1720789115.388508, 1720789116.2456508, 1720789117.1027937, 1720789117.9599366, 1720789118.8170793, 1720789119.6742222, 1720789120.5313652, 1720789121.388508, 1720789122.2456508, 1720789123.1027937, 1720789123.9599366, 1720789124.8170793, 1720789125.6742222, 1720789126.5313652, 1720789127.388508, 1720789128.2456508]
[1720789181.7127414, 1720789182.3794081, 1720789183.0460746, 1720789183.7127414, 1720789184.3794081, 1720789185.0460746, 1720789185.7127414, 1720789186.3794081, 1720789187.0460746, 1720789187.7127414, 1720789188.3794081, 1720789189.0460746, 1720789189.7127414, 1720789190.3794081, 1720789191.0460746, 1720789191.7127414, 1720789192.3794081, 1720789193.0460746, 1720789193.7127414, 1720789194.3794081, 1720789195.0460746]
[1720789199.0730546, 1720789199.618509, 1720789200.1639636, 1720789200.7094183, 1720789201.2548728, 1720789201.8003273, 1720789202.3457818, 1720789202.8912363, 1720789203.4366908, 1720789203.9821455, 1720789204.5276, 1720789205.0730546, 1720789205.618509, 1720789206.1639636, 1720789206.7094183, 1720789207.2548728, 1720789207.8003273, 1720789208.3457818, 1720789208.8912363, 1720789209.4366908, 1720789209.9821455]
[1720789214.9832065, 1720789215.6498733, 1720789216.3165398, 1720789216.9832065, 1720789217.6498733, 1720789218.3165398, 1720789218.9832065, 1720789219.6498733, 1720789220.3165398, 1720789220.9832065, 1720789221.6498733, 1720789222.3165398, 1720789222.9832065, 1720789223.6498733, 1720789224.3165398, 1720789224.9832065, 1720789225.6498733, 1720789226.3165398, 1720789226.9832065, 1720789227.6498733, 1720789228.3165398]
[1720789232.772773, 1720789233.3182275, 1720789233.863682, 1720789234.4091368, 1720789234.9545913, 1720789235.5000458, 1720789236.0455003, 1720789236.5909548, 1720789237.1364093, 1720789237.681864, 1720789238.2273185, 1720789238.772773, 1720789239.3182275, 1720789239.863682, 1720789240.4091368, 1720789240.9545913, 1720789241.5000458, 1720789242.0455003, 1720789242.5909548, 1720789243.1364093, 1720789243.681864]
[1720789249.702595, 1720789250.559738, 1720789251.4168806, 1720789252.2740235, 1720789253.1311665, 1720789253.9883094, 1720789254.845452, 1720789255.702595, 1720789256.559738, 1720789257.4168806, 1720789258.2740235, 1720789259.1311665, 1720789259.9883094, 1720789260.845452, 1720789261.702595, 1720789262.559738, 1720789263.4168806, 1720789264.2740235, 1720789265.1311665, 1720789265.9883094, 1720789266.845452]
[1720789270.993191, 1720789271.5386455, 1720789272.0841, 1720789272.6295547, 1720789273.1750093, 1720789273.7204638, 1720789274.2659183, 1720789274.8113728, 1720789275.3568273, 1720789275.902282, 1720789276.4477365, 1720789276.993191, 1720789277.5386455, 1720789278.0841, 1720789278.6295547, 1720789279.1750093, 1720789279.7204638, 1720789280.2659183, 1720789280.8113728, 1720789281.3568273, 1720789281.902282]
[1720789286.812611, 1720789287.4792778, 1720789288.1459444, 1720789288.812611, 1720789289.4792778, 1720789290.1459444, 1720789290.812611, 1720789291.4792778, 1720789292.1459444, 1720789292.812611, 1720789293.4792778, 1720789294.1459444, 1720789294.812611, 1720789295.4792778, 1720789296.1459444, 1720789296.812611, 1720789297.4792778, 1720789298.1459444, 1720789298.812611, 1720789299.4792778, 1720789300.1459444]
[1720789308.803275, 1720789309.660418, 1720789310.5175607, 1720789311.3747036, 1720789312.2318466, 1720789313.0889895, 1720789313.9461322, 1720789314.803275, 1720789315.660418, 1720789316.5175607, 1720789317.3747036, 1720789318.2318466, 1720789319.0889895, 1720789319.9461322, 1720789320.803275, 1720789321.660418, 1720789322.5175607, 1720789323.3747036, 1720789324.2318466, 1720789325.0889895, 1720789325.9461322]
[1720789337.4027572, 1720789337.9482117, 1720789338.4936662, 1720789339.039121, 1720789339.5845754, 1720789340.13003, 1720789340.6754844, 1720789341.220939, 1720789341.7663934, 1720789342.3118482, 1720789342.8573027, 1720789343.4027572, 1720789343.9482117, 1720789344.4936662, 1720789345.039121, 1720789345.5845754, 1720789346.13003, 1720789346.6754844, 1720789347.220939, 1720789347.7663934, 1720789348.3118482]
[1720789352.6129084, 1720789353.279575, 1720789353.9462416, 1720789354.6129084, 1720789355.279575, 1720789355.9462416, 1720789356.6129084, 1720789357.279575, 1720789357.9462416, 1720789358.6129084, 1720789359.279575, 1720789359.9462416, 1720789360.6129084, 1720789361.279575, 1720789361.9462416, 1720789362.6129084, 1720789363.279575, 1720789363.9462416, 1720789364.6129084, 1720789365.279575, 1720789365.9462416]
[1720789370.5435193, 1720789371.0889738, 1720789371.6344283, 1720789372.179883, 1720789372.7253375, 1720789373.270792, 1720789373.8162465, 1720789374.361701, 1720789374.9071555, 1720789375.4526103, 1720789375.9980648, 1720789376.5435193, 1720789377.0889738, 1720789377.6344283, 1720789378.179883, 1720789378.7253375, 1720789379.270792, 1720789379.8162465, 1720789380.361701, 1720789380.9071555, 1720789381.4526103]
[1720789387.1830018, 1720789387.8496685, 1720789388.516335, 1720789389.1830018, 1720789389.8496685, 1720789390.516335, 1720789391.1830018, 1720789391.8496685, 1720789392.516335, 1720789393.1830018, 1720789393.8496685, 1720789394.516335, 1720789395.1830018, 1720789395.8496685, 1720789396.516335, 1720789397.1830018, 1720789397.8496685, 1720789398.516335, 1720789399.1830018, 1720789399.8496685, 1720789400.516335]
[1720789404.79351, 1720789405.650653, 1720789406.5077956, 1720789407.3649385, 1720789408.2220814, 1720789409.0792243, 1720789409.936367, 1720789410.79351, 1720789411.650653, 1720789412.5077956, 1720789413.3649385, 1720789414.2220814, 1720789415.0792243, 1720789415.936367, 1720789416.79351, 1720789417.650653, 1720789418.5077956, 1720789419.3649385, 1720789420.2220814, 1720789421.0792243, 1720789421.936367]
[1720789427.45653, 1720789428.1231968, 1720789428.7898633, 1720789429.45653, 1720789430.1231968, 1720789430.7898633, 1720789431.45653, 1720789432.1231968, 1720789432.7898633, 1720789433.45653, 1720789434.1231968, 1720789434.7898633, 1720789435.45653, 1720789436.1231968, 1720789436.7898633, 1720789437.45653, 1720789438.1231968, 1720789438.7898633, 1720789439.45653, 1720789440.1231968, 1720789440.7898633]
[1720789445.4758122, 1720789446.3329551, 1720789447.1900978, 1720789448.0472407, 1720789448.9043837, 1720789449.7615266, 1720789450.6186693, 1720789451.4758122, 1720789452.3329551, 1720789453.1900978, 1720789454.0472407, 1720789454.9043837, 1720789455.7615266, 1720789456.6186693, 1720789457.4758122, 1720789458.3329551, 1720789459.1900978, 1720789460.0472407, 1720789460.9043837, 1720789461.7615266, 1720789462.6186693]
[1720789487.5262263, 1720789488.0716808, 1720789488.6171353, 1720789489.16259, 1720789489.7080445, 1720789490.253499, 1720789490.7989535, 1720789491.344408, 1720789491.8898625, 1720789492.4353173, 1720789492.9807718, 1720789493.5262263, 1720789494.0716808, 1720789494.6171353, 1720789495.16259, 1720789495.7080445, 1720789496.253499, 1720789496.7989535, 1720789497.344408, 1720789497.8898625, 1720789498.4353173]
