[1720981657.6087089, 1720981658.1541634, 1720981658.6996179, 1720981659.2450726, 1720981659.790527, 1720981660.3359816, 1720981660.881436, 1720981661.4268906, 1720981661.972345, 1720981662.5177999, 1720981663.0632544, 1720981663.6087089, 1720981664.1541634, 1720981664.6996179, 1720981665.2450726, 1720981665.790527, 1720981666.3359816, 1720981666.881436, 1720981667.4268906, 1720981667.972345, 1720981668.5177999]
[1720981682.3379495, 1720981683.1950924, 1720981684.0522351, 1720981684.909378, 1720981685.766521, 1720981686.623664, 1720981687.4808066, 1720981688.3379495, 1720981689.1950924, 1720981690.0522351, 1720981690.909378, 1720981691.766521, 1720981692.623664, 1720981693.4808066, 1720981694.3379495, 1720981695.1950924, 1720981696.0522351, 1720981696.909378, 1720981697.766521, 1720981698.623664, 1720981699.4808066]
[1720981704.5882795, 1720981705.133734, 1720981705.6791885, 1720981706.2246432, 1720981706.7700977, 1720981707.3155522, 1720981707.8610067, 1720981708.4064612, 1720981708.9519157, 1720981709.4973705, 1720981710.042825, 1720981710.5882795, 1720981711.133734, 1720981711.6791885, 1720981712.2246432, 1720981712.7700977, 1720981713.3155522, 1720981713.8610067, 1720981714.4064612, 1720981714.9519157, 1720981715.4973705]
[1720981727.2485473, 1720981728.1056902, 1720981728.962833, 1720981729.8199759, 1720981730.6771188, 1720981731.5342617, 1720981732.3914044, 1720981733.2485473, 1720981734.1056902, 1720981734.962833, 1720981735.8199759, 1720981736.6771188, 1720981737.5342617, 1720981738.3914044, 1720981739.2485473, 1720981740.1056902, 1720981740.962833, 1720981741.8199759, 1720981742.6771188, 1720981743.5342617, 1720981744.3914044]
[1720981763.768095, 1720981764.3135495, 1720981764.859004, 1720981765.4044588, 1720981765.9499133, 1720981766.4953678, 1720981767.0408223, 1720981767.5862768, 1720981768.1317313, 1720981768.677186, 1720981769.2226405, 1720981769.768095, 1720981770.3135495, 1720981770.859004, 1720981771.4044588, 1720981771.9499133, 1720981772.4953678, 1720981773.0408223, 1720981773.5862768, 1720981774.1317313, 1720981774.677186]
[1720981783.9284363, 1720981784.595103, 1720981785.2617695, 1720981785.9284363, 1720981786.595103, 1720981787.2617695, 1720981787.9284363, 1720981788.595103, 1720981789.2617695, 1720981789.9284363, 1720981790.595103, 1720981791.2617695, 1720981791.9284363, 1720981792.595103, 1720981793.2617695, 1720981793.9284363, 1720981794.595103, 1720981795.2617695, 1720981795.9284363, 1720981796.595103, 1720981797.2617695]
[1720981802.908647, 1720981803.76579, 1720981804.6229327, 1720981805.4800756, 1720981806.3372185, 1720981807.1943614, 1720981808.0515041, 1720981808.908647, 1720981809.76579, 1720981810.6229327, 1720981811.4800756, 1720981812.3372185, 1720981813.1943614, 1720981814.0515041, 1720981814.908647, 1720981815.76579, 1720981816.6229327, 1720981817.4800756, 1720981818.3372185, 1720981819.1943614, 1720981820.0515041]
[1720981851.1479979, 1720981851.6934524, 1720981852.2389069, 1720981852.7843616, 1720981853.329816, 1720981853.8752706, 1720981854.420725, 1720981854.9661796, 1720981855.511634, 1720981856.0570889, 1720981856.6025434, 1720981857.1479979, 1720981857.6934524, 1720981858.2389069, 1720981858.7843616, 1720981859.329816, 1720981859.8752706, 1720981860.420725, 1720981860.9661796, 1720981861.511634, 1720981862.0570889]
[1720981869.8581495, 1720981870.7152925, 1720981871.5724351, 1720981872.429578, 1720981873.286721, 1720981874.143864, 1720981875.0010066, 1720981875.8581495, 1720981876.7152925, 1720981877.5724351, 1720981878.429578, 1720981879.286721, 1720981880.143864, 1720981881.0010066, 1720981881.8581495, 1720981882.7152925, 1720981883.5724351, 1720981884.429578, 1720981885.286721, 1720981886.143864, 1720981887.0010066]
[1720981921.987965, 1720981922.5334196, 1720981923.078874, 1720981923.6243289, 1720981924.1697834, 1720981924.7152379, 1720981925.2606924, 1720981925.8061469, 1720981926.3516014, 1720981926.897056, 1720981927.4425106, 1720981927.987965, 1720981928.5334196, 1720981929.078874, 1720981929.6243289, 1720981930.1697834, 1720981930.7152379, 1720981931.2606924, 1720981931.8061469, 1720981932.3516014, 1720981932.897056]
[1720981937.2780826, 1720981938.1352255, 1720981938.9923682, 1720981939.8495111, 1720981940.706654, 1720981941.563797, 1720981942.4209397, 1720981943.2780826, 1720981944.1352255, 1720981944.9923682, 1720981945.8495111, 1720981946.706654, 1720981947.563797, 1720981948.4209397, 1720981949.2780826, 1720981950.1352255, 1720981950.9923682, 1720981951.8495111, 1720981952.706654, 1720981953.563797, 1720981954.4209397]
[1720981958.4185936, 1720981959.0852604, 1720981959.751927, 1720981960.4185936, 1720981961.0852604, 1720981961.751927, 1720981962.4185936, 1720981963.0852604, 1720981963.751927, 1720981964.4185936, 1720981965.0852604, 1720981965.751927, 1720981966.4185936, 1720981967.0852604, 1720981967.751927, 1720981968.4185936, 1720981969.0852604, 1720981969.751927, 1720981970.4185936, 1720981971.0852604, 1720981971.751927]
[1720981984.7483099, 1720981985.2937644, 1720981985.8392189, 1720981986.3846736, 1720981986.930128, 1720981987.4755826, 1720981988.021037, 1720981988.5664916, 1720981989.111946, 1720981989.6574008, 1720981990.2028553, 1720981990.7483099, 1720981991.2937644, 1720981991.8392189, 1720981992.3846736, 1720981992.930128, 1720981993.4755826, 1720981994.021037, 1720981994.5664916, 1720981995.111946, 1720981995.6574008]
[1720982006.3879588, 1720982007.0546255, 1720982007.721292, 1720982008.3879588, 1720982009.0546255, 1720982009.721292, 1720982010.3879588, 1720982011.0546255, 1720982011.721292, 1720982012.3879588, 1720982013.0546255, 1720982013.721292, 1720982014.3879588, 1720982015.0546255, 1720982015.721292, 1720982016.3879588, 1720982017.0546255, 1720982017.721292, 1720982018.3879588, 1720982019.0546255, 1720982019.721292]
[1720982025.4480298, 1720982026.3051727, 1720982027.1623154, 1720982028.0194583, 1720982028.8766012, 1720982029.7337441, 1720982030.5908868, 1720982031.4480298, 1720982032.3051727, 1720982033.1623154, 1720982034.0194583, 1720982034.8766012, 1720982035.7337441, 1720982036.5908868, 1720982037.4480298, 1720982038.3051727, 1720982039.1623154, 1720982040.0194583, 1720982040.8766012, 1720982041.7337441, 1720982042.5908868]
[1720982054.8382547, 1720982055.5049214, 1720982056.171588, 1720982056.8382547, 1720982057.5049214, 1720982058.171588, 1720982058.8382547, 1720982059.5049214, 1720982060.171588, 1720982060.8382547, 1720982061.5049214, 1720982062.171588, 1720982062.8382547, 1720982063.5049214, 1720982064.171588, 1720982064.8382547, 1720982065.5049214, 1720982066.171588, 1720982066.8382547, 1720982067.5049214, 1720982068.171588]
[1720982072.4379141, 1720982072.9833686, 1720982073.5288231, 1720982074.0742779, 1720982074.6197324, 1720982075.165187, 1720982075.7106414, 1720982076.256096, 1720982076.8015504, 1720982077.3470051, 1720982077.8924596, 1720982078.4379141, 1720982078.9833686, 1720982079.5288231, 1720982080.0742779, 1720982080.6197324, 1720982081.165187, 1720982081.7106414, 1720982082.256096, 1720982082.8015504, 1720982083.3470051]
[1720982100.757904, 1720982101.615047, 1720982102.4721897, 1720982103.3293326, 1720982104.1864755, 1720982105.0436184, 1720982105.9007611, 1720982106.757904, 1720982107.615047, 1720982108.4721897, 1720982109.3293326, 1720982110.1864755, 1720982111.0436184, 1720982111.9007611, 1720982112.757904, 1720982113.615047, 1720982114.4721897, 1720982115.3293326, 1720982116.1864755, 1720982117.0436184, 1720982117.9007611]
[1720982122.5685782, 1720982123.1140327, 1720982123.6594872, 1720982124.204942, 1720982124.7503965, 1720982125.295851, 1720982125.8413055, 1720982126.38676, 1720982126.9322145, 1720982127.4776692, 1720982128.0231237, 1720982128.5685782, 1720982129.1140327, 1720982129.6594872, 1720982130.204942, 1720982130.7503965, 1720982131.295851, 1720982131.8413055, 1720982132.38676, 1720982132.9322145, 1720982133.4776692]
[1720982137.7283907, 1720982138.5855336, 1720982139.4426763, 1720982140.2998192, 1720982141.1569622, 1720982142.014105, 1720982142.8712478, 1720982143.7283907, 1720982144.5855336, 1720982145.4426763, 1720982146.2998192, 1720982147.1569622, 1720982148.014105, 1720982148.8712478, 1720982149.7283907, 1720982150.5855336, 1720982151.4426763, 1720982152.2998192, 1720982153.1569622, 1720982154.014105, 1720982154.8712478]
[1720982164.6779084, 1720982165.3445752, 1720982166.0112417, 1720982166.6779084, 1720982167.3445752, 1720982168.0112417, 1720982168.6779084, 1720982169.3445752, 1720982170.0112417, 1720982170.6779084, 1720982171.3445752, 1720982172.0112417, 1720982172.6779084, 1720982173.3445752, 1720982174.0112417, 1720982174.6779084, 1720982175.3445752, 1720982176.0112417, 1720982176.6779084, 1720982177.3445752, 1720982178.0112417]
[1720982183.6787293, 1720982184.2241838, 1720982184.7696383, 1720982185.315093, 1720982185.8605475, 1720982186.406002, 1720982186.9514565, 1720982187.496911, 1720982188.0423656, 1720982188.5878203, 1720982189.1332748, 1720982189.6787293, 1720982190.2241838, 1720982190.7696383, 1720982191.315093, 1720982191.8605475, 1720982192.406002, 1720982192.9514565, 1720982193.496911, 1720982194.0423656, 1720982194.5878203]
[1720982198.558474, 1720982199.2251408, 1720982199.8918073, 1720982200.558474, 1720982201.2251408, 1720982201.8918073, 1720982202.558474, 1720982203.2251408, 1720982203.8918073, 1720982204.558474, 1720982205.2251408, 1720982205.8918073, 1720982206.558474, 1720982207.2251408, 1720982207.8918073, 1720982208.558474, 1720982209.2251408, 1720982209.8918073, 1720982210.558474, 1720982211.2251408, 1720982211.8918073]
[1720982217.2283144, 1720982218.0854573, 1720982218.9426, 1720982219.799743, 1720982220.6568859, 1720982221.5140288, 1720982222.3711715, 1720982223.2283144, 1720982224.0854573, 1720982224.9426, 1720982225.799743, 1720982226.6568859, 1720982227.5140288, 1720982228.3711715, 1720982229.2283144, 1720982230.0854573, 1720982230.9426, 1720982231.799743, 1720982232.6568859, 1720982233.5140288, 1720982234.3711715]
[1720982238.3085833, 1720982238.8540378, 1720982239.3994923, 1720982239.944947, 1720982240.4904015, 1720982241.035856, 1720982241.5813105, 1720982242.126765, 1720982242.6722195, 1720982243.2176743, 1720982243.7631288, 1720982244.3085833, 1720982244.8540378, 1720982245.3994923, 1720982245.944947, 1720982246.4904015, 1720982247.035856, 1720982247.5813105, 1720982248.126765, 1720982248.6722195, 1720982249.2176743]
[1720982259.8287418, 1720982260.6858847, 1720982261.5430274, 1720982262.4001703, 1720982263.2573133, 1720982264.1144562, 1720982264.9715989, 1720982265.8287418, 1720982266.6858847, 1720982267.5430274, 1720982268.4001703, 1720982269.2573133, 1720982270.1144562, 1720982270.9715989, 1720982271.8287418, 1720982272.6858847, 1720982273.5430274, 1720982274.4001703, 1720982275.2573133, 1720982276.1144562, 1720982276.9715989]
