[1721813803.4189966, 1721813804.2761395, 1721813805.1332822, 1721813805.990425, 1721813806.847568, 1721813807.704711, 1721813808.5618536, 1721813809.4189966, 1721813810.2761395, 1721813811.1332822, 1721813811.990425, 1721813812.847568, 1721813813.704711, 1721813814.5618536, 1721813815.4189966, 1721813816.2761395, 1721813817.1332822, 1721813817.990425, 1721813818.847568, 1721813819.704711, 1721813820.5618536]
[1721813830.5493731, 1721813831.0948277, 1721813831.6402822, 1721813832.185737, 1721813832.7311914, 1721813833.276646, 1721813833.8221004, 1721813834.367555, 1721813834.9130094, 1721813835.4584641, 1721813836.0039186, 1721813836.5493731, 1721813837.0948277, 1721813837.6402822, 1721813838.185737, 1721813838.7311914, 1721813839.276646, 1721813839.8221004, 1721813840.367555, 1721813840.9130094, 1721813841.4584641]
[1721813873.4882534, 1721813874.3453963, 1721813875.202539, 1721813876.059682, 1721813876.9168248, 1721813877.7739677, 1721813878.6311104, 1721813879.4882534, 1721813880.3453963, 1721813881.202539, 1721813882.059682, 1721813882.9168248, 1721813883.7739677, 1721813884.6311104, 1721813885.4882534, 1721813886.3453963, 1721813887.202539, 1721813888.059682, 1721813888.9168248, 1721813889.7739677, 1721813890.6311104]
[1721813898.0189588, 1721813898.6856256, 1721813899.352292, 1721813900.0189588, 1721813900.6856256, 1721813901.352292, 1721813902.0189588, 1721813902.6856256, 1721813903.352292, 1721813904.0189588, 1721813904.6856256, 1721813905.352292, 1721813906.0189588, 1721813906.6856256, 1721813907.352292, 1721813908.0189588, 1721813908.6856256, 1721813909.352292, 1721813910.0189588, 1721813910.6856256, 1721813911.352292]
[1721813955.7723787, 1721813956.3178332, 1721813956.8632877, 1721813957.4087424, 1721813957.954197, 1721813958.4996514, 1721813959.045106, 1721813959.5905604, 1721813960.136015, 1721813960.6814697, 1721813961.2269242, 1721813961.7723787, 1721813962.3178332, 1721813962.8632877, 1721813963.4087424, 1721813963.954197, 1721813964.4996514, 1721813965.045106, 1721813965.5905604, 1721813966.136015, 1721813966.6814697]
[1721813970.7721794, 1721813971.438846, 1721813972.1055126, 1721813972.7721794, 1721813973.438846, 1721813974.1055126, 1721813974.7721794, 1721813975.438846, 1721813976.1055126, 1721813976.7721794, 1721813977.438846, 1721813978.1055126, 1721813978.7721794, 1721813979.438846, 1721813980.1055126, 1721813980.7721794, 1721813981.438846, 1721813982.1055126, 1721813982.7721794, 1721813983.438846, 1721813984.1055126]
[1721813996.8901718, 1721813997.7473147, 1721813998.6044574, 1721813999.4616003, 1721814000.3187432, 1721814001.1758862, 1721814002.0330288, 1721814002.8901718, 1721814003.7473147, 1721814004.6044574, 1721814005.4616003, 1721814006.3187432, 1721814007.1758862, 1721814008.0330288, 1721814008.8901718, 1721814009.7473147, 1721814010.6044574, 1721814011.4616003, 1721814012.3187432, 1721814013.1758862, 1721814014.0330288]
[1721814018.2597682, 1721814018.8052227, 1721814019.3506773, 1721814019.896132, 1721814020.4415865, 1721814020.987041, 1721814021.5324955, 1721814022.07795, 1721814022.6234045, 1721814023.1688592, 1721814023.7143137, 1721814024.2597682, 1721814024.8052227, 1721814025.3506773, 1721814025.896132, 1721814026.4415865, 1721814026.987041, 1721814027.5324955, 1721814028.07795, 1721814028.6234045, 1721814029.1688592]
[1721814032.848761, 1721814033.5154278, 1721814034.1820943, 1721814034.848761, 1721814035.5154278, 1721814036.1820943, 1721814036.848761, 1721814037.5154278, 1721814038.1820943, 1721814038.848761, 1721814039.5154278, 1721814040.1820943, 1721814040.848761, 1721814041.5154278, 1721814042.1820943, 1721814042.848761, 1721814043.5154278, 1721814044.1820943, 1721814044.848761, 1721814045.5154278, 1721814046.1820943]
[1721814051.308628, 1721814051.8540826, 1721814052.399537, 1721814052.9449918, 1721814053.4904463, 1721814054.0359008, 1721814054.5813553, 1721814055.1268098, 1721814055.6722643, 1721814056.217719, 1721814056.7631736, 1721814057.308628, 1721814057.8540826, 1721814058.399537, 1721814058.9449918, 1721814059.4904463, 1721814060.0359008, 1721814060.5813553, 1721814061.1268098, 1721814061.6722643, 1721814062.217719]
[1721814067.9368947, 1721814068.6035614, 1721814069.270228, 1721814069.9368947, 1721814070.6035614, 1721814071.270228, 1721814071.9368947, 1721814072.6035614, 1721814073.270228, 1721814073.9368947, 1721814074.6035614, 1721814075.270228, 1721814075.9368947, 1721814076.6035614, 1721814077.270228, 1721814077.9368947, 1721814078.6035614, 1721814079.270228, 1721814079.9368947, 1721814080.6035614, 1721814081.270228]
[1721814085.0676942, 1721814085.6131487, 1721814086.1586032, 1721814086.704058, 1721814087.2495124, 1721814087.794967, 1721814088.3404214, 1721814088.885876, 1721814089.4313304, 1721814089.9767852, 1721814090.5222397, 1721814091.0676942, 1721814091.6131487, 1721814092.1586032, 1721814092.704058, 1721814093.2495124, 1721814093.794967, 1721814094.3404214, 1721814094.885876, 1721814095.4313304, 1721814095.9767852]
[1721814104.7577024, 1721814105.6148453, 1721814106.471988, 1721814107.329131, 1721814108.1862738, 1721814109.0434167, 1721814109.9005594, 1721814110.7577024, 1721814111.6148453, 1721814112.471988, 1721814113.329131, 1721814114.1862738, 1721814115.0434167, 1721814115.9005594, 1721814116.7577024, 1721814117.6148453, 1721814118.471988, 1721814119.329131, 1721814120.1862738, 1721814121.0434167, 1721814121.9005594]
[1721814126.3375628, 1721814126.8830173, 1721814127.4284718, 1721814127.9739265, 1721814128.519381, 1721814129.0648355, 1721814129.61029, 1721814130.1557446, 1721814130.701199, 1721814131.2466538, 1721814131.7921083, 1721814132.3375628, 1721814132.8830173, 1721814133.4284718, 1721814133.9739265, 1721814134.519381, 1721814135.0648355, 1721814135.61029, 1721814136.1557446, 1721814136.701199, 1721814137.2466538]
[1721814146.467034, 1721814147.324177, 1721814148.1813197, 1721814149.0384626, 1721814149.8956056, 1721814150.7527485, 1721814151.6098912, 1721814152.467034, 1721814153.324177, 1721814154.1813197, 1721814155.0384626, 1721814155.8956056, 1721814156.7527485, 1721814157.6098912, 1721814158.467034, 1721814159.324177, 1721814160.1813197, 1721814161.0384626, 1721814161.8956056, 1721814162.7527485, 1721814163.6098912]
[1721814167.6732132, 1721814168.33988, 1721814169.0065465, 1721814169.6732132, 1721814170.33988, 1721814171.0065465, 1721814171.6732132, 1721814172.33988, 1721814173.0065465, 1721814173.6732132, 1721814174.33988, 1721814175.0065465, 1721814175.6732132, 1721814176.33988, 1721814177.0065465, 1721814177.6732132, 1721814178.33988, 1721814179.0065465, 1721814179.6732132, 1721814180.33988, 1721814181.0065465]
[1721814186.3241618, 1721814186.8696163, 1721814187.4150708, 1721814187.9605255, 1721814188.50598, 1721814189.0514345, 1721814189.596889, 1721814190.1423435, 1721814190.687798, 1721814191.2332528, 1721814191.7787073, 1721814192.3241618, 1721814192.8696163, 1721814193.4150708, 1721814193.9605255, 1721814194.50598, 1721814195.0514345, 1721814195.596889, 1721814196.1423435, 1721814196.687798, 1721814197.2332528]
[1721814205.1344736, 1721814205.9916165, 1721814206.8487592, 1721814207.705902, 1721814208.563045, 1721814209.420188, 1721814210.2773306, 1721814211.1344736, 1721814211.9916165, 1721814212.8487592, 1721814213.705902, 1721814214.563045, 1721814215.420188, 1721814216.2773306, 1721814217.1344736, 1721814217.9916165, 1721814218.8487592, 1721814219.705902, 1721814220.563045, 1721814221.420188, 1721814222.2773306]
[1721814226.404711, 1721814227.0713778, 1721814227.7380443, 1721814228.404711, 1721814229.0713778, 1721814229.7380443, 1721814230.404711, 1721814231.0713778, 1721814231.7380443, 1721814232.404711, 1721814233.0713778, 1721814233.7380443, 1721814234.404711, 1721814235.0713778, 1721814235.7380443, 1721814236.404711, 1721814237.0713778, 1721814237.7380443, 1721814238.404711, 1721814239.0713778, 1721814239.7380443]
[1721814244.4944737, 1721814245.3516166, 1721814246.2087593, 1721814247.0659022, 1721814247.9230452, 1721814248.780188, 1721814249.6373308, 1721814250.4944737, 1721814251.3516166, 1721814252.2087593, 1721814253.0659022, 1721814253.9230452, 1721814254.780188, 1721814255.6373308, 1721814256.4944737, 1721814257.3516166, 1721814258.2087593, 1721814259.0659022, 1721814259.9230452, 1721814260.780188, 1721814261.6373308]
[1721814265.9251735, 1721814266.5918403, 1721814267.2585068, 1721814267.9251735, 1721814268.5918403, 1721814269.2585068, 1721814269.9251735, 1721814270.5918403, 1721814271.2585068, 1721814271.9251735, 1721814272.5918403, 1721814273.2585068, 1721814273.9251735, 1721814274.5918403, 1721814275.2585068, 1721814275.9251735, 1721814276.5918403, 1721814277.2585068, 1721814277.9251735, 1721814278.5918403, 1721814279.2585068]
[1721814284.4731402, 1721814285.0185947, 1721814285.5640492, 1721814286.109504, 1721814286.6549585, 1721814287.200413, 1721814287.7458675, 1721814288.291322, 1721814288.8367765, 1721814289.3822312, 1721814289.9276857, 1721814290.4731402, 1721814291.0185947, 1721814291.5640492, 1721814292.109504, 1721814292.6549585, 1721814293.200413, 1721814293.7458675, 1721814294.291322, 1721814294.8367765, 1721814295.3822312]
[1721814300.1548214, 1721814301.0119643, 1721814301.869107, 1721814302.72625, 1721814303.5833929, 1721814304.4405358, 1721814305.2976785, 1721814306.1548214, 1721814307.0119643, 1721814307.869107, 1721814308.72625, 1721814309.5833929, 1721814310.4405358, 1721814311.2976785, 1721814312.1548214, 1721814313.0119643, 1721814313.869107, 1721814314.72625, 1721814315.5833929, 1721814316.4405358, 1721814317.2976785]
[1721814321.9010227, 1721814322.4464772, 1721814322.9919317, 1721814323.5373864, 1721814324.082841, 1721814324.6282954, 1721814325.17375, 1721814325.7192044, 1721814326.264659, 1721814326.8101137, 1721814327.3555682, 1721814327.9010227, 1721814328.4464772, 1721814328.9919317, 1721814329.5373864, 1721814330.082841, 1721814330.6282954, 1721814331.17375, 1721814331.7192044, 1721814332.264659, 1721814332.8101137]
[1721814338.0332983, 1721814338.699965, 1721814339.3666315, 1721814340.0332983, 1721814340.699965, 1721814341.3666315, 1721814342.0332983, 1721814342.699965, 1721814343.3666315, 1721814344.0332983, 1721814344.699965, 1721814345.3666315, 1721814346.0332983, 1721814346.699965, 1721814347.3666315, 1721814348.0332983, 1721814348.699965, 1721814349.3666315, 1721814350.0332983, 1721814350.699965, 1721814351.3666315]
[1721814356.6915603, 1721814357.5487032, 1721814358.4058459, 1721814359.2629888, 1721814360.1201317, 1721814360.9772747, 1721814361.8344173, 1721814362.6915603, 1721814363.5487032, 1721814364.4058459, 1721814365.2629888, 1721814366.1201317, 1721814366.9772747, 1721814367.8344173, 1721814368.6915603, 1721814369.5487032, 1721814370.4058459, 1721814371.2629888, 1721814372.1201317, 1721814372.9772747, 1721814373.8344173]
