1749493063.8387294
1749493087.1686113
1749493106.4485903
1749493168.8577826
1749493189.036632
1749493206.1640828
1749493227.922726
1749493242.513113
1749493264.6550372
1749493283.0211046
1749493305.6051025
1749493320.0481367
1749493343.2041018
1749493365.034956
1749493386.9434514
1749493405.5698333
1749493426.5757883
1749493441.1116624
1749493468.5131662
1749493488.8298595
1749493505.4468904
1749493528.234563
1749493545.7332613
1749493575.4408505
1749493599.0330448
1749493616.2948296
1749493638.4041355
1749493653.1113462
1749493674.291055
1749493702.9873302
1749493751.6703985
1749493769.4271903
1749493787.411101
1749493804.2250807
1749493821.307007
1749493838.5959518
1749493856.6341906
1749493874.406021
1749493892.3662117
1749493915.425509
1749493933.460909
1749493950.8061166
1749493968.130411
1749493985.6709986
1749494008.596792
1749494026.3684776
1749494044.475654
1749494062.8514822
1749494080.668018
1749494105.4808278
1749494123.998555
1749494141.706303
1749494159.3317664
1749494181.505562
1749494203.467364
