1749769873.606143
1749769912.7413912
1749769938.2863111
1749769979.640737
1749770004.8503947
1749770026.4085662
1749770048.0359497
1749770079.226236
1749770107.45721
1749770127.7865222
1749770149.9833267
1749770170.9503207
1749770189.975019
1749770224.4589412
1749770240.0308592
1749770257.8083124
1749770283.7063155
1749770303.5398772
1749770378.1746974
1749770393.265364
1749770412.8032386
1749770431.092362
1749770450.2096512
1749770474.3947186
1749770501.1026733
1749770517.680922
1749770540.107017
1749770565.5102708
1749770581.7416859
1749770637.223361
1749770660.5199988
1749770689.119429
1749770709.652592
1749770729.987337
1749770759.2107196
1749770780.0499053
1749770799.1754556
1749770818.3848248
1749770840.9487598
1749770885.686683
1749770909.7080731
1749770937.7697916
1749770970.2820919
1749771014.5961952
1749771047.5294385
1749771069.0033228
1749771095.6842184
1749771113.4385402
1749771135.7657902
1749771162.80401
1749771183.702527
1749771203.6349216
1749771232.4331126
1749771256.590249
1749771281.1327534
