[1721980582.1825676, 1721980582.8492343, 1721980583.5159009, 1721980584.1825676, 1721980584.8492343, 1721980585.5159009, 1721980586.1825676, 1721980586.8492343, 1721980587.5159009, 1721980588.1825676, 1721980588.8492343, 1721980589.5159009, 1721980590.1825676, 1721980590.8492343, 1721980591.5159009, 1721980592.1825676, 1721980592.8492343, 1721980593.5159009, 1721980594.1825676, 1721980594.8492343, 1721980595.5159009]
[1721980636.6922083, 1721980637.5493512, 1721980638.406494, 1721980639.2636368, 1721980640.1207798, 1721980640.9779227, 1721980641.8350654, 1721980642.6922083, 1721980643.5493512, 1721980644.406494, 1721980645.2636368, 1721980646.1207798, 1721980646.9779227, 1721980647.8350654, 1721980648.6922083, 1721980649.5493512, 1721980650.406494, 1721980651.2636368, 1721980652.1207798, 1721980652.9779227, 1721980653.8350654]
[1721980680.7621996, 1721980681.4288664, 1721980682.095533, 1721980682.7621996, 1721980683.4288664, 1721980684.095533, 1721980684.7621996, 1721980685.4288664, 1721980686.095533, 1721980686.7621996, 1721980687.4288664, 1721980688.095533, 1721980688.7621996, 1721980689.4288664, 1721980690.095533, 1721980690.7621996, 1721980691.4288664, 1721980692.095533, 1721980692.7621996, 1721980693.4288664, 1721980694.095533]
[1721980705.8523676, 1721980706.3978221, 1721980706.9432766, 1721980707.4887314, 1721980708.034186, 1721980708.5796404, 1721980709.125095, 1721980709.6705494, 1721980710.216004, 1721980710.7614586, 1721980711.3069131, 1721980711.8523676, 1721980712.3978221, 1721980712.9432766, 1721980713.4887314, 1721980714.034186, 1721980714.5796404, 1721980715.125095, 1721980715.6705494, 1721980716.216004, 1721980716.7614586]
[1721980744.2021482, 1721980744.868815, 1721980745.5354815, 1721980746.2021482, 1721980746.868815, 1721980747.5354815, 1721980748.2021482, 1721980748.868815, 1721980749.5354815, 1721980750.2021482, 1721980750.868815, 1721980751.5354815, 1721980752.2021482, 1721980752.868815, 1721980753.5354815, 1721980754.2021482, 1721980754.868815, 1721980755.5354815, 1721980756.2021482, 1721980756.868815, 1721980757.5354815]
[1721980827.6726856, 1721980828.2181401, 1721980828.7635946, 1721980829.3090494, 1721980829.8545039, 1721980830.3999584, 1721980830.9454129, 1721980831.4908674, 1721980832.0363219, 1721980832.5817766, 1721980833.1272311, 1721980833.6726856, 1721980834.2181401, 1721980834.7635946, 1721980835.3090494, 1721980835.8545039, 1721980836.3999584, 1721980836.9454129, 1721980837.4908674, 1721980838.0363219, 1721980838.5817766]
[1721980872.8021724, 1721980873.6593153, 1721980874.516458, 1721980875.373601, 1721980876.230744, 1721980877.0878868, 1721980877.9450295, 1721980878.8021724, 1721980879.6593153, 1721980880.516458, 1721980881.373601, 1721980882.230744, 1721980883.0878868, 1721980883.9450295, 1721980884.8021724, 1721980885.6593153, 1721980886.516458, 1721980887.373601, 1721980888.230744, 1721980889.0878868, 1721980889.9450295]
[1721980948.7028036, 1721980949.248258, 1721980949.7937126, 1721980950.3391674, 1721980950.8846219, 1721980951.4300764, 1721980951.9755309, 1721980952.5209854, 1721980953.0664399, 1721980953.6118946, 1721980954.157349, 1721980954.7028036, 1721980955.248258, 1721980955.7937126, 1721980956.3391674, 1721980956.8846219, 1721980957.4300764, 1721980957.9755309, 1721980958.5209854, 1721980959.0664399, 1721980959.6118946]
[1721980965.2622917, 1721980966.1194346, 1721980966.9765773, 1721980967.8337202, 1721980968.6908631, 1721980969.548006, 1721980970.4051487, 1721980971.2622917, 1721980972.1194346, 1721980972.9765773, 1721980973.8337202, 1721980974.6908631, 1721980975.548006, 1721980976.4051487, 1721980977.2622917, 1721980978.1194346, 1721980978.9765773, 1721980979.8337202, 1721980980.6908631, 1721980981.548006, 1721980982.4051487]
[1721980987.342117, 1721980987.8875716, 1721980988.433026, 1721980988.9784808, 1721980989.5239353, 1721980990.0693898, 1721980990.6148443, 1721980991.1602988, 1721980991.7057533, 1721980992.251208, 1721980992.7966626, 1721980993.342117, 1721980993.8875716, 1721980994.433026, 1721980994.9784808, 1721980995.5239353, 1721980996.0693898, 1721980996.6148443, 1721980997.1602988, 1721980997.7057533, 1721980998.251208]
[1721981007.6730082, 1721981008.5301511, 1721981009.3872938, 1721981010.2444367, 1721981011.1015797, 1721981011.9587226, 1721981012.8158653, 1721981013.6730082, 1721981014.5301511, 1721981015.3872938, 1721981016.2444367, 1721981017.1015797, 1721981017.9587226, 1721981018.8158653, 1721981019.6730082, 1721981020.5301511, 1721981021.3872938, 1721981022.2444367, 1721981023.1015797, 1721981023.9587226, 1721981024.8158653]
[1721981036.622177, 1721981037.2888436, 1721981037.9555101, 1721981038.622177, 1721981039.2888436, 1721981039.9555101, 1721981040.622177, 1721981041.2888436, 1721981041.9555101, 1721981042.622177, 1721981043.2888436, 1721981043.9555101, 1721981044.622177, 1721981045.2888436, 1721981045.9555101, 1721981046.622177, 1721981047.2888436, 1721981047.9555101, 1721981048.622177, 1721981049.2888436, 1721981049.9555101]
[1721981059.4234755, 1721981060.2806184, 1721981061.137761, 1721981061.994904, 1721981062.852047, 1721981063.70919, 1721981064.5663326, 1721981065.4234755, 1721981066.2806184, 1721981067.137761, 1721981067.994904, 1721981068.852047, 1721981069.70919, 1721981070.5663326, 1721981071.4234755, 1721981072.2806184, 1721981073.137761, 1721981073.994904, 1721981074.852047, 1721981075.70919, 1721981076.5663326]
[1721981083.6122735, 1721981084.2789402, 1721981084.9456067, 1721981085.6122735, 1721981086.2789402, 1721981086.9456067, 1721981087.6122735, 1721981088.2789402, 1721981088.9456067, 1721981089.6122735, 1721981090.2789402, 1721981090.9456067, 1721981091.6122735, 1721981092.2789402, 1721981092.9456067, 1721981093.6122735, 1721981094.2789402, 1721981094.9456067, 1721981095.6122735, 1721981096.2789402, 1721981096.9456067]
[1721981104.8430095, 1721981105.388464, 1721981105.9339185, 1721981106.4793732, 1721981107.0248277, 1721981107.5702822, 1721981108.1157367, 1721981108.6611912, 1721981109.2066457, 1721981109.7521005, 1721981110.297555, 1721981110.8430095, 1721981111.388464, 1721981111.9339185, 1721981112.4793732, 1721981113.0248277, 1721981113.5702822, 1721981114.1157367, 1721981114.6611912, 1721981115.2066457, 1721981115.7521005]
[1721981127.7226424, 1721981128.3893092, 1721981129.0559757, 1721981129.7226424, 1721981130.3893092, 1721981131.0559757, 1721981131.7226424, 1721981132.3893092, 1721981133.0559757, 1721981133.7226424, 1721981134.3893092, 1721981135.0559757, 1721981135.7226424, 1721981136.3893092, 1721981137.0559757, 1721981137.7226424, 1721981138.3893092, 1721981139.0559757, 1721981139.7226424, 1721981140.3893092, 1721981141.0559757]
[1721981145.8626454, 1721981146.7197883, 1721981147.576931, 1721981148.434074, 1721981149.2912169, 1721981150.1483598, 1721981151.0055025, 1721981151.8626454, 1721981152.7197883, 1721981153.576931, 1721981154.434074, 1721981155.2912169, 1721981156.1483598, 1721981157.0055025, 1721981157.8626454, 1721981158.7197883, 1721981159.576931, 1721981160.434074, 1721981161.2912169, 1721981162.1483598, 1721981163.0055025]
[1721981184.553206, 1721981185.0986605, 1721981185.644115, 1721981186.1895697, 1721981186.7350242, 1721981187.2804787, 1721981187.8259332, 1721981188.3713877, 1721981188.9168422, 1721981189.462297, 1721981190.0077515, 1721981190.553206, 1721981191.0986605, 1721981191.644115, 1721981192.1895697, 1721981192.7350242, 1721981193.2804787, 1721981193.8259332, 1721981194.3713877, 1721981194.9168422, 1721981195.462297]
[1721981199.972549, 1721981200.6392157, 1721981201.3058822, 1721981201.972549, 1721981202.6392157, 1721981203.3058822, 1721981203.972549, 1721981204.6392157, 1721981205.3058822, 1721981205.972549, 1721981206.6392157, 1721981207.3058822, 1721981207.972549, 1721981208.6392157, 1721981209.3058822, 1721981209.972549, 1721981210.6392157, 1721981211.3058822, 1721981211.972549, 1721981212.6392157, 1721981213.3058822]
[1721981217.0825396, 1721981217.9396825, 1721981218.7968252, 1721981219.653968, 1721981220.511111, 1721981221.368254, 1721981222.2253966, 1721981223.0825396, 1721981223.9396825, 1721981224.7968252, 1721981225.653968, 1721981226.511111, 1721981227.368254, 1721981228.2253966, 1721981229.0825396, 1721981229.9396825, 1721981230.7968252, 1721981231.653968, 1721981232.511111, 1721981233.368254, 1721981234.2253966]
[1721981238.1727486, 1721981238.8394153, 1721981239.5060818, 1721981240.1727486, 1721981240.8394153, 1721981241.5060818, 1721981242.1727486, 1721981242.8394153, 1721981243.5060818, 1721981244.1727486, 1721981244.8394153, 1721981245.5060818, 1721981246.1727486, 1721981246.8394153, 1721981247.5060818, 1721981248.1727486, 1721981248.8394153, 1721981249.5060818, 1721981250.1727486, 1721981250.8394153, 1721981251.5060818]
[1721981256.733599, 1721981257.2790534, 1721981257.824508, 1721981258.3699627, 1721981258.9154172, 1721981259.4608717, 1721981260.0063262, 1721981260.5517807, 1721981261.0972352, 1721981261.64269, 1721981262.1881444, 1721981262.733599, 1721981263.2790534, 1721981263.824508, 1721981264.3699627, 1721981264.9154172, 1721981265.4608717, 1721981266.0063262, 1721981266.5517807, 1721981267.0972352, 1721981267.64269]
[1721981283.1821225, 1721981283.8487892, 1721981284.5154557, 1721981285.1821225, 1721981285.8487892, 1721981286.5154557, 1721981287.1821225, 1721981287.8487892, 1721981288.5154557, 1721981289.1821225, 1721981289.8487892, 1721981290.5154557, 1721981291.1821225, 1721981291.8487892, 1721981292.5154557, 1721981293.1821225, 1721981293.8487892, 1721981294.5154557, 1721981295.1821225, 1721981295.8487892, 1721981296.5154557]
[1721981429.412073, 1721981429.9575274, 1721981430.502982, 1721981431.0484366, 1721981431.5938911, 1721981432.1393456, 1721981432.6848001, 1721981433.2302547, 1721981433.7757092, 1721981434.321164, 1721981434.8666184, 1721981435.412073, 1721981435.9575274, 1721981436.502982, 1721981437.0484366, 1721981437.5938911, 1721981438.1393456, 1721981438.6848001, 1721981439.2302547, 1721981439.7757092, 1721981440.321164]
[1721981447.0919805, 1721981447.9491234, 1721981448.806266, 1721981449.663409, 1721981450.520552, 1721981451.3776948, 1721981452.2348375, 1721981453.0919805, 1721981453.9491234, 1721981454.806266, 1721981455.663409, 1721981456.520552, 1721981457.3776948, 1721981458.2348375, 1721981459.0919805, 1721981459.9491234, 1721981460.806266, 1721981461.663409, 1721981462.520552, 1721981463.3776948, 1721981464.2348375]
[1721981469.1226313, 1721981469.6680858, 1721981470.2135403, 1721981470.758995, 1721981471.3044496, 1721981471.849904, 1721981472.3953586, 1721981472.940813, 1721981473.4862676, 1721981474.0317223, 1721981474.5771768, 1721981475.1226313, 1721981475.6680858, 1721981476.2135403, 1721981476.758995, 1721981477.3044496, 1721981477.849904, 1721981478.3953586, 1721981478.940813, 1721981479.4862676, 1721981480.0317223]
